=== Run information ===

Scheme:       weka.classifiers.bayes.NaiveBayes 
Relation:     Medium All Sites Combined Data Fixed-weka.filters.unsupervised.attribute.Remove-R14-weka.filters.unsupervised.attribute.Normalize-S1.0-T0.0
Instances:    7682
Attributes:   13
              ﻿279.64499
              288.24899
              294.96301
              334.991
              393.50943
              427.62112
              589.16156
              656.41418
              670.98114
              766.65668
              777.5863
              795.21838
              Location
Test mode:    split 80.0% train, remainder test

=== Classifier model (full training set) ===

Naive Bayes Classifier

                          Class
Attribute           Cooperstown          Gobabeb        Kimberley      Marias Pass    Murray Buttes   Ogunquit Beach    Pahrump Hills      Mary Anning Naukluft Plateau Vera Rubin Ridge  Yellowknife Bay
                         (0.09)           (0.07)           (0.02)           (0.08)           (0.08)           (0.09)           (0.07)           (0.15)           (0.16)           (0.12)           (0.08)
==========================================================================================================================================================================================================
﻿279.64499
  mean                    0.2844           0.3123           0.3503           0.2099           0.3649           0.3409           0.4057           0.3724           0.3118           0.3047           0.3146
  std. dev.               0.1876           0.1259           0.2007            0.132           0.1594           0.0902           0.1619           0.0919           0.1508           0.0778           0.1442
  weight sum                 669              524              131              576              616              690              552             1160             1239              941              584
  precision               0.0009           0.0009           0.0009           0.0009           0.0009           0.0009           0.0009           0.0009           0.0009           0.0009           0.0009

288.24899
  mean                    0.3599           0.3403           0.4648            0.455           0.4275           0.3629           0.5053           0.3585           0.4259           0.3679           0.2844
  std. dev.               0.1577           0.1469           0.1817           0.1819           0.1821            0.122           0.1971           0.0999           0.1488           0.1044           0.1333
  weight sum                 669              524              131              576              616              690              552             1160             1239              941              584
  precision                0.001            0.001            0.001            0.001            0.001            0.001            0.001            0.001            0.001            0.001            0.001

294.96301
  mean                    0.0918           0.0632           0.0953           0.0347           0.0567           0.0527           0.0844           0.0823           0.0558           0.0609           0.0636
  std. dev.               0.0808           0.0286           0.0719           0.0289           0.0272           0.0221            0.038           0.0548           0.0348           0.0242            0.036
  weight sum                 669              524              131              576              616              690              552             1160             1239              941              584
  precision               0.0004           0.0004           0.0004           0.0004           0.0004           0.0004           0.0004           0.0004           0.0004           0.0004           0.0004

334.991
  mean                    0.1205           0.0835            0.106           0.1355           0.0889           0.0816           0.1203           0.0717           0.0917           0.0908           0.1001
  std. dev.               0.0985           0.0362           0.0932           0.0693           0.0412           0.0387           0.0724           0.0216           0.0438           0.0308             0.06
  weight sum                 669              524              131              576              616              690              552             1160             1239              941              584
  precision               0.0007           0.0007           0.0007           0.0007           0.0007           0.0007           0.0007           0.0007           0.0007           0.0007           0.0007

393.50943
  mean                    0.1894           0.1851           0.2383           0.1476           0.2119           0.1625           0.2246           0.1036           0.1841           0.1309           0.1606
  std. dev.               0.0925           0.1055           0.1067           0.0918           0.1462           0.1182           0.0888           0.0524           0.1018           0.0683           0.0832
  weight sum                 669              524              131              576              616              690              552             1160             1239              941              584
  precision                0.001            0.001            0.001            0.001            0.001            0.001            0.001            0.001            0.001            0.001            0.001

427.62112
  mean                    0.2259           0.1722           0.2285           0.1929           0.2118           0.1726           0.2568           0.1561           0.2139           0.1831            0.295
  std. dev.               0.1869           0.0669            0.116           0.1397           0.0831           0.0751           0.1207           0.0475           0.0969           0.0604           0.1772
  weight sum                 669              524              131              576              616              690              552             1160             1239              941              584
  precision               0.0002           0.0002           0.0002           0.0002           0.0002           0.0002           0.0002           0.0002           0.0002           0.0002           0.0002

589.16156
  mean                    0.2423           0.1753            0.265           0.1838           0.2287           0.1832           0.2826           0.1742            0.209           0.1827           0.1552
  std. dev.               0.1365           0.0819           0.1586           0.0826           0.1002           0.0711           0.1148           0.0472           0.0838           0.0564           0.0735
  weight sum                 669              524              131              576              616              690              552             1160             1239              941              584
  precision               0.0009           0.0009           0.0009           0.0009           0.0009           0.0009           0.0009           0.0009           0.0009           0.0009           0.0009

656.41418
  mean                    0.1459           0.1174           0.1072           0.0848             0.09           0.1126           0.1338           0.0895           0.1035           0.0646            0.079
  std. dev.               0.1296           0.1112           0.1146           0.0486           0.0471           0.1044           0.1539           0.0463           0.0846            0.048           0.0725
  weight sum                 669              524              131              576              616              690              552             1160             1239              941              584
  precision               0.0001           0.0001           0.0001           0.0001           0.0001           0.0001           0.0001           0.0001           0.0001           0.0001           0.0001

670.98114
  mean                     0.041           0.0187           0.0376           0.0282           0.0324           0.0475           0.0454           0.0312           0.0204           0.0255           0.0228
  std. dev.               0.0702             0.06           0.0287           0.0787           0.0182           0.0533            0.037           0.0395           0.0169           0.0711           0.0448
  weight sum                 669              524              131              576              616              690              552             1160             1239              941              584
  precision               0.0001           0.0001           0.0001           0.0001           0.0001           0.0001           0.0001           0.0001           0.0001           0.0001           0.0001

766.65668
  mean                    0.1252           0.1086           0.3019           0.0973           0.1443            0.121           0.1505           0.1173            0.099           0.1329           0.0712
  std. dev.               0.0722           0.0551           0.1452           0.0547           0.0678            0.049           0.0741           0.0426           0.0555           0.0474           0.0422
  weight sum                 669              524              131              576              616              690              552             1160             1239              941              584
  precision               0.0007           0.0007           0.0007           0.0007           0.0007           0.0007           0.0007           0.0007           0.0007           0.0007           0.0007

777.5863
  mean                    0.3107           0.3161           0.4033           0.3281           0.4524           0.3561           0.4426           0.3402           0.3612           0.3143           0.2461
  std. dev.               0.1429           0.1082           0.1645           0.1181           0.1276            0.116            0.177           0.0837            0.116           0.0867            0.124
  weight sum                 669              524              131              576              616              690              552             1160             1239              941              584
  precision               0.0011           0.0011           0.0011           0.0011           0.0011           0.0011           0.0011           0.0011           0.0011           0.0011           0.0011

795.21838
  mean                    0.3586           0.3519           0.4579           0.3381           0.4727           0.3813            0.473           0.3685           0.3615           0.3669           0.2598
  std. dev.               0.1563           0.1236           0.1598           0.1192           0.1159           0.1169           0.1787           0.0828           0.1101           0.0978           0.1194
  weight sum                 669              524              131              576              616              690              552             1160             1239              941              584
  precision               0.0001           0.0001           0.0001           0.0001           0.0001           0.0001           0.0001           0.0001           0.0001           0.0001           0.0001



Time taken to build model: 0.11 seconds

=== Evaluation on test split ===

Time taken to test model on test split: 0.08 seconds

=== Summary ===

Correctly Classified Instances         589               38.3464 %
Incorrectly Classified Instances       947               61.6536 %
Kappa statistic                          0.3078
Mean absolute error                      0.1195
Root mean squared error                  0.2786
Relative absolute error                 73.5862 %
Root relative squared error             97.6785 %
Total Number of Instances             1536     

=== Detailed Accuracy By Class ===

                 TP Rate  FP Rate  Precision  Recall   F-Measure  MCC      ROC Area  PRC Area  Class
                 0.164    0.011    0.579      0.164    0.256      0.278    0.832     0.368     Cooperstown
                 0.153    0.044    0.215      0.153    0.179      0.129    0.600     0.114     Gobabeb
                 0.594    0.001    0.950      0.594    0.731      0.747    0.896     0.690     Kimberley
                 0.382    0.016    0.671      0.382    0.487      0.476    0.855     0.549     Marias Pass
                 0.504    0.108    0.309      0.504    0.383      0.319    0.782     0.329     Murray Buttes
                 0.039    0.004    0.455      0.039    0.071      0.113    0.756     0.298     Ogunquit Beach
                 0.429    0.053    0.372      0.429    0.398      0.352    0.784     0.345     Pahrump Hills
                 0.773    0.153    0.458      0.773    0.575      0.507    0.886     0.689     Mary Anning
                 0.291    0.099    0.365      0.291    0.324      0.211    0.721     0.335     Naukluft Plateau
                 0.352    0.091    0.333      0.352    0.343      0.255    0.808     0.370     Vera Rubin Ridge
                 0.508    0.112    0.277      0.508    0.359      0.303    0.839     0.294     Yellowknife Bay
Weighted Avg.    0.383    0.076    0.416      0.383    0.359      0.309    0.792     0.395     

=== Confusion Matrix ===

   a   b   c   d   e   f   g   h   i   j   k   <-- classified as
  22   9   0   6  13   3  22   3  16   8  32 |   a = Cooperstown
   0  17   0   0  20   0   3  23  14  22  12 |   b = Gobabeb
   1   0  19   0   3   0   2   2   0   3   2 |   c = Kimberley
   3   3   0  47   4   0   9   4  32   3  18 |   d = Marias Pass
   0   0   0   0  68   1   9  24  13  14   6 |   e = Murray Buttes
   1  23   0   1  20   5   3  39   5  17  15 |   f = Ogunquit Beach
   2   6   1   0  18   1  45   6   8  10   8 |   g = Pahrump Hills
   3   2   0   1  13   0   1 170   4   8  18 |   h = Mary Anning
   0  10   0  15  43   0  20  31  73  30  29 |   i = Naukluft Plateau
   0   6   0   0  14   1   1  61  12  62  19 |   j = Vera Rubin Ridge
   6   3   0   0   4   0   6   8  23   9  61 |   k = Yellowknife Bay

