=== Run information ===

Scheme:       weka.classifiers.bayes.NaiveBayes 
Relation:     Medium All Sites Combined Data Only Ratios for Location-weka.filters.unsupervised.attribute.Normalize-S1.0-T0.0
Instances:    7682
Attributes:   12
              288.24899
              427.62112
              670.98114
              K/Rb
              K/Na
              Ti/K
              Ca/Ti
              Mg/Ti
              Ca/H
              Mg/H
              O/Mn
              Location
Test mode:    split 80.0% train, remainder test

=== Classifier model (full training set) ===

Naive Bayes Classifier

                          Class
Attribute           Cooperstown          Gobabeb        Kimberley      Marias Pass    Murray Buttes   Ogunquit Beach    Pahrump Hills      Mary Anning Naukluft Plateau Vera Rubin Ridge  Yellowknife Bay
                         (0.09)           (0.07)           (0.02)           (0.08)           (0.08)           (0.09)           (0.07)           (0.15)           (0.16)           (0.12)           (0.08)
==========================================================================================================================================================================================================
288.24899
  mean                    0.3599           0.3403           0.4648            0.455           0.4275           0.3629           0.5053           0.3585           0.4259           0.3679           0.2844
  std. dev.               0.1577           0.1469           0.1817           0.1819           0.1821            0.122           0.1971           0.0999           0.1488           0.1044           0.1333
  weight sum                 669              524              131              576              616              690              552             1160             1239              941              584
  precision                0.001            0.001            0.001            0.001            0.001            0.001            0.001            0.001            0.001            0.001            0.001

427.62112
  mean                    0.2259           0.1722           0.2285           0.1929           0.2118           0.1726           0.2568           0.1561           0.2139           0.1831            0.295
  std. dev.               0.1869           0.0669            0.116           0.1397           0.0831           0.0751           0.1207           0.0475           0.0969           0.0604           0.1772
  weight sum                 669              524              131              576              616              690              552             1160             1239              941              584
  precision               0.0002           0.0002           0.0002           0.0002           0.0002           0.0002           0.0002           0.0002           0.0002           0.0002           0.0002

670.98114
  mean                     0.041           0.0187           0.0376           0.0282           0.0324           0.0475           0.0454           0.0312           0.0204           0.0255           0.0228
  std. dev.               0.0702             0.06           0.0287           0.0787           0.0182           0.0533            0.037           0.0395           0.0169           0.0711           0.0448
  weight sum                 669              524              131              576              616              690              552             1160             1239              941              584
  precision               0.0001           0.0001           0.0001           0.0001           0.0001           0.0001           0.0001           0.0001           0.0001           0.0001           0.0001

K/Rb
  mean                    0.1977           0.1663           0.3658           0.1572           0.1643           0.1709           0.1774           0.1707           0.1459           0.1939           0.1531
  std. dev.               0.0921           0.0628           0.1479           0.0683            0.061           0.0477           0.0792           0.0478           0.0642           0.0471            0.075
  weight sum                 669              524              131              576              616              690              552             1160             1239              941              584
  precision               0.0011           0.0011           0.0011           0.0011           0.0011           0.0011           0.0011           0.0011           0.0011           0.0011           0.0011

K/Na
  mean                    0.0627           0.0692           0.1615           0.0617           0.0714            0.076           0.0609           0.0764           0.0536           0.0834           0.0528
  std. dev.                0.025            0.018           0.0855           0.0298           0.0197           0.0163           0.0168           0.0149           0.0208           0.0188           0.0417
  weight sum                 669              524              131              576              616              690              552             1160             1239              941              584
  precision               0.0011           0.0011           0.0011           0.0011           0.0011           0.0011           0.0011           0.0011           0.0011           0.0011           0.0011

Ti/K
  mean                    0.0763           0.0557           0.0277           0.1002           0.0438           0.0481           0.0604           0.0433            0.077           0.0477           0.0994
  std. dev.               0.0593           0.0233           0.0297           0.0492           0.0211           0.0248           0.0557           0.0164           0.0542           0.0173           0.0417
  weight sum                 669              524              131              576              616              690              552             1160             1239              941              584
  precision               0.0009           0.0009           0.0009           0.0009           0.0009           0.0009           0.0009           0.0009           0.0009           0.0009           0.0009

Ca/Ti
  mean                    0.0347           0.0474           0.0424           0.0205           0.0643           0.0246           0.0247           0.0166            0.031           0.0149           0.0208
  std. dev.               0.0643           0.1282           0.0651           0.0623           0.1594           0.0614           0.0517           0.0528           0.0963            0.051           0.0597
  weight sum                 669              524              131              576              616              690              552             1160             1239              941              584
  precision               0.0007           0.0007           0.0007           0.0007           0.0007           0.0007           0.0007           0.0007           0.0007           0.0007           0.0007

Mg/Ti
  mean                    0.0387           0.0404            0.047           0.0212           0.0456           0.0447           0.0464           0.0547           0.0374           0.0359           0.0391
  std. dev.               0.0398           0.0161           0.0354           0.0243           0.0455           0.0167           0.0581           0.0256           0.0225           0.0249           0.0298
  weight sum                 669              524              131              576              616              690              552             1160             1239              941              584
  precision               0.0009           0.0009           0.0009           0.0009           0.0009           0.0009           0.0009           0.0009           0.0009           0.0009           0.0009

Ca/H
  mean                    0.0564           0.0696           0.0933           0.0585            0.065           0.0533           0.0764           0.0342           0.0624           0.0636           0.0822
  std. dev.               0.0428           0.0505            0.054           0.0524           0.0374           0.0384           0.0485           0.0209           0.0388           0.0338           0.0682
  weight sum                 669              524              131              576              616              690              552             1160             1239              941              584
  precision               0.0008           0.0008           0.0008           0.0008           0.0008           0.0008           0.0008           0.0008           0.0008           0.0008           0.0008

Mg/H
  mean                    0.0647           0.1114           0.1262           0.0744           0.1138           0.1155           0.1194           0.1108           0.0996           0.1367            0.141
  std. dev.               0.0479           0.0783           0.0998           0.0659           0.0627           0.0707            0.071           0.0461           0.0703           0.0543           0.1001
  weight sum                 669              524              131              576              616              690              552             1160             1239              941              584
  precision               0.0007           0.0007           0.0007           0.0007           0.0007           0.0007           0.0007           0.0007           0.0007           0.0007           0.0007

O/Mn
  mean                      0.02           0.0188           0.0188           0.0392            0.032           0.0201           0.0143           0.0127           0.0291            0.013           0.0121
  std. dev.               0.0535           0.0348           0.0262           0.0404           0.0504           0.0292           0.0191           0.0164           0.0386            0.011           0.0233
  weight sum                 669              524              131              576              616              690              552             1160             1239              941              584
  precision               0.0007           0.0007           0.0007           0.0007           0.0007           0.0007           0.0007           0.0007           0.0007           0.0007           0.0007



Time taken to build model: 0.01 seconds

=== Evaluation on test split ===

Time taken to test model on test split: 0.04 seconds

=== Summary ===

Correctly Classified Instances         551               35.8724 %
Incorrectly Classified Instances       985               64.1276 %
Kappa statistic                          0.2686
Mean absolute error                      0.1223
Root mean squared error                  0.2813
Relative absolute error                 75.2735 %
Root relative squared error             98.6235 %
Total Number of Instances             1536     

=== Detailed Accuracy By Class ===

                 TP Rate  FP Rate  Precision  Recall   F-Measure  MCC      ROC Area  PRC Area  Class
                 0.157    0.011    0.568      0.157    0.246      0.267    0.867     0.375     Cooperstown
                 0.018    0.006    0.200      0.018    0.033      0.040    0.660     0.135     Gobabeb
                 0.656    0.005    0.750      0.656    0.700      0.696    0.963     0.740     Kimberley
                 0.122    0.010    0.517      0.122    0.197      0.223    0.868     0.401     Marias Pass
                 0.119    0.029    0.286      0.119    0.168      0.136    0.711     0.196     Murray Buttes
                 0.054    0.008    0.389      0.054    0.095      0.120    0.753     0.254     Ogunquit Beach
                 0.333    0.038    0.393      0.333    0.361      0.319    0.808     0.299     Pahrump Hills
                 0.791    0.185    0.416      0.791    0.545      0.477    0.896     0.627     Mary Anning
                 0.422    0.187    0.306      0.422    0.355      0.208    0.717     0.312     Naukluft Plateau
                 0.591    0.208    0.269      0.591    0.369      0.281    0.806     0.432     Vera Rubin Ridge
                 0.417    0.048    0.424      0.417    0.420      0.371    0.886     0.388     Yellowknife Bay
Weighted Avg.    0.359    0.093    0.379      0.359    0.313      0.266    0.801     0.370     

=== Confusion Matrix ===

   a   b   c   d   e   f   g   h   i   j   k   <-- classified as
  21   1   1   7   3   0  11  17  49  11  13 |   a = Cooperstown
   0   2   2   0   8   0   0  21  16  55   7 |   b = Gobabeb
   2   0  21   1   2   0   2   0   0   4   0 |   c = Kimberley
   4   2   1  15   3   0   3   3  78   5   9 |   d = Marias Pass
   1   1   0   0  16   7   7  46   5  49   3 |   e = Murray Buttes
   0   1   1   0   6   7   5  64   5  38   2 |   f = Ogunquit Beach
   2   0   1   1   2   0  35   8  24  27   5 |   g = Pahrump Hills
   0   1   0   0   4   0   0 174   5  33   3 |   h = Mary Anning
   3   0   1   5   9   1  16  33 106  52  25 |   i = Naukluft Plateau
   0   2   0   0   2   1   1  50  15 104   1 |   j = Vera Rubin Ridge
   4   0   0   0   1   2   9   2  43   9  50 |   k = Yellowknife Bay

