=== Run information ===

Scheme:       weka.classifiers.bayes.NaiveBayes 
Relation:     Medium All Sites Combined Data Only Ratios for Location-weka.filters.unsupervised.attribute.Normalize-S1.0-T0.0
Instances:    7682
Attributes:   12
              288.24899
              427.62112
              670.98114
              K/Rb
              K/Na
              Ti/K
              Ca/Ti
              Mg/Ti
              Ca/H
              Mg/H
              O/Mn
              Location
Test mode:    10-fold cross-validation

=== Classifier model (full training set) ===

Naive Bayes Classifier

                          Class
Attribute           Cooperstown          Gobabeb        Kimberley      Marias Pass    Murray Buttes   Ogunquit Beach    Pahrump Hills      Mary Anning Naukluft Plateau Vera Rubin Ridge  Yellowknife Bay
                         (0.09)           (0.07)           (0.02)           (0.08)           (0.08)           (0.09)           (0.07)           (0.15)           (0.16)           (0.12)           (0.08)
==========================================================================================================================================================================================================
288.24899
  mean                    0.3599           0.3403           0.4648            0.455           0.4275           0.3629           0.5053           0.3585           0.4259           0.3679           0.2844
  std. dev.               0.1577           0.1469           0.1817           0.1819           0.1821            0.122           0.1971           0.0999           0.1488           0.1044           0.1333
  weight sum                 669              524              131              576              616              690              552             1160             1239              941              584
  precision                0.001            0.001            0.001            0.001            0.001            0.001            0.001            0.001            0.001            0.001            0.001

427.62112
  mean                    0.2259           0.1722           0.2285           0.1929           0.2118           0.1726           0.2568           0.1561           0.2139           0.1831            0.295
  std. dev.               0.1869           0.0669            0.116           0.1397           0.0831           0.0751           0.1207           0.0475           0.0969           0.0604           0.1772
  weight sum                 669              524              131              576              616              690              552             1160             1239              941              584
  precision               0.0002           0.0002           0.0002           0.0002           0.0002           0.0002           0.0002           0.0002           0.0002           0.0002           0.0002

670.98114
  mean                     0.041           0.0187           0.0376           0.0282           0.0324           0.0475           0.0454           0.0312           0.0204           0.0255           0.0228
  std. dev.               0.0702             0.06           0.0287           0.0787           0.0182           0.0533            0.037           0.0395           0.0169           0.0711           0.0448
  weight sum                 669              524              131              576              616              690              552             1160             1239              941              584
  precision               0.0001           0.0001           0.0001           0.0001           0.0001           0.0001           0.0001           0.0001           0.0001           0.0001           0.0001

K/Rb
  mean                    0.1977           0.1663           0.3658           0.1572           0.1643           0.1709           0.1774           0.1707           0.1459           0.1939           0.1531
  std. dev.               0.0921           0.0628           0.1479           0.0683            0.061           0.0477           0.0792           0.0478           0.0642           0.0471            0.075
  weight sum                 669              524              131              576              616              690              552             1160             1239              941              584
  precision               0.0011           0.0011           0.0011           0.0011           0.0011           0.0011           0.0011           0.0011           0.0011           0.0011           0.0011

K/Na
  mean                    0.0627           0.0692           0.1615           0.0617           0.0714            0.076           0.0609           0.0764           0.0536           0.0834           0.0528
  std. dev.                0.025            0.018           0.0855           0.0298           0.0197           0.0163           0.0168           0.0149           0.0208           0.0188           0.0417
  weight sum                 669              524              131              576              616              690              552             1160             1239              941              584
  precision               0.0011           0.0011           0.0011           0.0011           0.0011           0.0011           0.0011           0.0011           0.0011           0.0011           0.0011

Ti/K
  mean                    0.0763           0.0557           0.0277           0.1002           0.0438           0.0481           0.0604           0.0433            0.077           0.0477           0.0994
  std. dev.               0.0593           0.0233           0.0297           0.0492           0.0211           0.0248           0.0557           0.0164           0.0542           0.0173           0.0417
  weight sum                 669              524              131              576              616              690              552             1160             1239              941              584
  precision               0.0009           0.0009           0.0009           0.0009           0.0009           0.0009           0.0009           0.0009           0.0009           0.0009           0.0009

Ca/Ti
  mean                    0.0347           0.0474           0.0424           0.0205           0.0643           0.0246           0.0247           0.0166            0.031           0.0149           0.0208
  std. dev.               0.0643           0.1282           0.0651           0.0623           0.1594           0.0614           0.0517           0.0528           0.0963            0.051           0.0597
  weight sum                 669              524              131              576              616              690              552             1160             1239              941              584
  precision               0.0007           0.0007           0.0007           0.0007           0.0007           0.0007           0.0007           0.0007           0.0007           0.0007           0.0007

Mg/Ti
  mean                    0.0387           0.0404            0.047           0.0212           0.0456           0.0447           0.0464           0.0547           0.0374           0.0359           0.0391
  std. dev.               0.0398           0.0161           0.0354           0.0243           0.0455           0.0167           0.0581           0.0256           0.0225           0.0249           0.0298
  weight sum                 669              524              131              576              616              690              552             1160             1239              941              584
  precision               0.0009           0.0009           0.0009           0.0009           0.0009           0.0009           0.0009           0.0009           0.0009           0.0009           0.0009

Ca/H
  mean                    0.0564           0.0696           0.0933           0.0585            0.065           0.0533           0.0764           0.0342           0.0624           0.0636           0.0822
  std. dev.               0.0428           0.0505            0.054           0.0524           0.0374           0.0384           0.0485           0.0209           0.0388           0.0338           0.0682
  weight sum                 669              524              131              576              616              690              552             1160             1239              941              584
  precision               0.0008           0.0008           0.0008           0.0008           0.0008           0.0008           0.0008           0.0008           0.0008           0.0008           0.0008

Mg/H
  mean                    0.0647           0.1114           0.1262           0.0744           0.1138           0.1155           0.1194           0.1108           0.0996           0.1367            0.141
  std. dev.               0.0479           0.0783           0.0998           0.0659           0.0627           0.0707            0.071           0.0461           0.0703           0.0543           0.1001
  weight sum                 669              524              131              576              616              690              552             1160             1239              941              584
  precision               0.0007           0.0007           0.0007           0.0007           0.0007           0.0007           0.0007           0.0007           0.0007           0.0007           0.0007

O/Mn
  mean                      0.02           0.0188           0.0188           0.0392            0.032           0.0201           0.0143           0.0127           0.0291            0.013           0.0121
  std. dev.               0.0535           0.0348           0.0262           0.0404           0.0504           0.0292           0.0191           0.0164           0.0386            0.011           0.0233
  weight sum                 669              524              131              576              616              690              552             1160             1239              941              584
  precision               0.0007           0.0007           0.0007           0.0007           0.0007           0.0007           0.0007           0.0007           0.0007           0.0007           0.0007



Time taken to build model: 0.01 seconds

=== Stratified cross-validation ===
=== Summary ===

Correctly Classified Instances        2859               37.2169 %
Incorrectly Classified Instances      4823               62.7831 %
Kappa statistic                          0.2811
Mean absolute error                      0.1211
Root mean squared error                  0.2787
Relative absolute error                 74.6096 %
Root relative squared error             97.8453 %
Total Number of Instances             7682     

=== Detailed Accuracy By Class ===

                 TP Rate  FP Rate  Precision  Recall   F-Measure  MCC      ROC Area  PRC Area  Class
                 0.120    0.012    0.485      0.120    0.192      0.209    0.849     0.363     Cooperstown
                 0.027    0.008    0.206      0.027    0.047      0.052    0.695     0.132     Gobabeb
                 0.595    0.009    0.523      0.595    0.557      0.550    0.909     0.544     Kimberley
                 0.146    0.008    0.604      0.146    0.235      0.273    0.844     0.401     Marias Pass
                 0.101    0.027    0.246      0.101    0.143      0.112    0.714     0.175     Murray Buttes
                 0.064    0.009    0.407      0.064    0.110      0.133    0.753     0.256     Ogunquit Beach
                 0.388    0.045    0.401      0.388    0.394      0.348    0.811     0.353     Pahrump Hills
                 0.803    0.197    0.420      0.803    0.551      0.478    0.893     0.665     Mary Anning
                 0.453    0.179    0.327      0.453    0.380      0.242    0.726     0.335     Naukluft Plateau
                 0.603    0.184    0.314      0.603    0.413      0.323    0.820     0.449     Vera Rubin Ridge
                 0.384    0.043    0.425      0.384    0.403      0.357    0.880     0.384     Yellowknife Bay
Weighted Avg.    0.372    0.093    0.383      0.372    0.322      0.276    0.803     0.381     

=== Confusion Matrix ===

   a   b   c   d   e   f   g   h   i   j   k   <-- classified as
  80   0  27  17  38   8  65  58 194  59 123 |   a = Cooperstown
   1  14   3   0  36   3   3 133  95 219  17 |   b = Gobabeb
   3   1  78   3   6   0   6   7   6  19   2 |   c = Kimberley
  34   7   8  84   9   4  35  12 313  26  44 |   d = Marias Pass
   1   4   1   1  62  21  48 210  48 206  14 |   e = Murray Buttes
   1  12   2   0  19  44  18 384  16 184  10 |   f = Ogunquit Beach
   6   0  12   2  11   4 214  56 116 108  23 |   g = Pahrump Hills
   0   4   0   0  18   6   3 931  50 145   3 |   h = Mary Anning
  19   9   9  30  41  10  91 158 561 251  60 |   i = Naukluft Plateau
   2  17   0   1   5   5   6 256  75 567   7 |   j = Vera Rubin Ridge
  18   0   9   1   7   3  45  12 241  24 224 |   k = Yellowknife Bay

