=== Run information ===

Scheme:       weka.classifiers.bayes.NaiveBayes 
Relation:     Medium All Sites Combined Data with Ratios-weka.filters.unsupervised.attribute.Remove-R14-weka.filters.unsupervised.attribute.Normalize-S1.0-T0.0
Instances:    7682
Attributes:   21
              279.64499
              288.24899
              294.96301
              334.991
              393.50943
              427.62112
              589.16156
              656.41418
              670.98114
              766.65668
              777.5863
              795.21838
              Location
              K/Rb
              K/Na
              Ti/K
              Ca/Ti
              Mg/Ti
              Ca/H
              Mg/H
              O/Mn
Test mode:    split 80.0% train, remainder test

=== Classifier model (full training set) ===

Naive Bayes Classifier

                          Class
Attribute           Cooperstown          Gobabeb        Kimberley      Marias Pass    Murray Buttes   Ogunquit Beach    Pahrump Hills      Mary Anning Naukluft Plateau Vera Rubin Ridge  Yellowknife Bay
                         (0.09)           (0.07)           (0.02)           (0.08)           (0.08)           (0.09)           (0.07)           (0.15)           (0.16)           (0.12)           (0.08)
==========================================================================================================================================================================================================
279.64499
  mean                    0.2844           0.3123           0.3503           0.2099           0.3649           0.3409           0.4057           0.3724           0.3118           0.3047           0.3146
  std. dev.               0.1876           0.1259           0.2007            0.132           0.1594           0.0902           0.1619           0.0919           0.1508           0.0778           0.1442
  weight sum                 669              524              131              576              616              690              552             1160             1239              941              584
  precision               0.0009           0.0009           0.0009           0.0009           0.0009           0.0009           0.0009           0.0009           0.0009           0.0009           0.0009

288.24899
  mean                    0.3599           0.3403           0.4648            0.455           0.4275           0.3629           0.5053           0.3585           0.4259           0.3679           0.2844
  std. dev.               0.1577           0.1469           0.1817           0.1819           0.1821            0.122           0.1971           0.0999           0.1488           0.1044           0.1333
  weight sum                 669              524              131              576              616              690              552             1160             1239              941              584
  precision                0.001            0.001            0.001            0.001            0.001            0.001            0.001            0.001            0.001            0.001            0.001

294.96301
  mean                    0.0918           0.0632           0.0953           0.0347           0.0567           0.0527           0.0844           0.0823           0.0558           0.0609           0.0636
  std. dev.               0.0808           0.0286           0.0719           0.0289           0.0272           0.0221            0.038           0.0548           0.0348           0.0242            0.036
  weight sum                 669              524              131              576              616              690              552             1160             1239              941              584
  precision               0.0004           0.0004           0.0004           0.0004           0.0004           0.0004           0.0004           0.0004           0.0004           0.0004           0.0004

334.991
  mean                    0.1205           0.0835            0.106           0.1355           0.0889           0.0816           0.1203           0.0717           0.0917           0.0908           0.1001
  std. dev.               0.0985           0.0362           0.0932           0.0693           0.0412           0.0387           0.0724           0.0216           0.0438           0.0308             0.06
  weight sum                 669              524              131              576              616              690              552             1160             1239              941              584
  precision               0.0007           0.0007           0.0007           0.0007           0.0007           0.0007           0.0007           0.0007           0.0007           0.0007           0.0007

393.50943
  mean                    0.1894           0.1851           0.2383           0.1476           0.2119           0.1625           0.2246           0.1036           0.1841           0.1309           0.1606
  std. dev.               0.0925           0.1055           0.1067           0.0918           0.1462           0.1182           0.0888           0.0524           0.1018           0.0683           0.0832
  weight sum                 669              524              131              576              616              690              552             1160             1239              941              584
  precision                0.001            0.001            0.001            0.001            0.001            0.001            0.001            0.001            0.001            0.001            0.001

427.62112
  mean                    0.2259           0.1722           0.2285           0.1929           0.2118           0.1726           0.2568           0.1561           0.2139           0.1831            0.295
  std. dev.               0.1869           0.0669            0.116           0.1397           0.0831           0.0751           0.1207           0.0475           0.0969           0.0604           0.1772
  weight sum                 669              524              131              576              616              690              552             1160             1239              941              584
  precision               0.0002           0.0002           0.0002           0.0002           0.0002           0.0002           0.0002           0.0002           0.0002           0.0002           0.0002

589.16156
  mean                    0.2423           0.1753            0.265           0.1838           0.2287           0.1832           0.2826           0.1742            0.209           0.1827           0.1552
  std. dev.               0.1365           0.0819           0.1586           0.0826           0.1002           0.0711           0.1148           0.0472           0.0838           0.0564           0.0735
  weight sum                 669              524              131              576              616              690              552             1160             1239              941              584
  precision               0.0009           0.0009           0.0009           0.0009           0.0009           0.0009           0.0009           0.0009           0.0009           0.0009           0.0009

656.41418
  mean                    0.1459           0.1174           0.1072           0.0848             0.09           0.1126           0.1338           0.0895           0.1035           0.0646            0.079
  std. dev.               0.1296           0.1112           0.1146           0.0486           0.0471           0.1044           0.1539           0.0463           0.0846            0.048           0.0725
  weight sum                 669              524              131              576              616              690              552             1160             1239              941              584
  precision               0.0001           0.0001           0.0001           0.0001           0.0001           0.0001           0.0001           0.0001           0.0001           0.0001           0.0001

670.98114
  mean                     0.041           0.0187           0.0376           0.0282           0.0324           0.0475           0.0454           0.0312           0.0204           0.0255           0.0228
  std. dev.               0.0702             0.06           0.0287           0.0787           0.0182           0.0533            0.037           0.0395           0.0169           0.0711           0.0448
  weight sum                 669              524              131              576              616              690              552             1160             1239              941              584
  precision               0.0001           0.0001           0.0001           0.0001           0.0001           0.0001           0.0001           0.0001           0.0001           0.0001           0.0001

766.65668
  mean                    0.1252           0.1086           0.3019           0.0973           0.1443            0.121           0.1505           0.1173            0.099           0.1329           0.0712
  std. dev.               0.0722           0.0551           0.1452           0.0547           0.0678            0.049           0.0741           0.0426           0.0555           0.0474           0.0422
  weight sum                 669              524              131              576              616              690              552             1160             1239              941              584
  precision               0.0007           0.0007           0.0007           0.0007           0.0007           0.0007           0.0007           0.0007           0.0007           0.0007           0.0007

777.5863
  mean                    0.3107           0.3161           0.4033           0.3281           0.4524           0.3561           0.4426           0.3402           0.3612           0.3143           0.2461
  std. dev.               0.1429           0.1082           0.1645           0.1181           0.1276            0.116            0.177           0.0837            0.116           0.0867            0.124
  weight sum                 669              524              131              576              616              690              552             1160             1239              941              584
  precision               0.0011           0.0011           0.0011           0.0011           0.0011           0.0011           0.0011           0.0011           0.0011           0.0011           0.0011

795.21838
  mean                    0.3586           0.3519           0.4579           0.3381           0.4727           0.3813            0.473           0.3685           0.3615           0.3669           0.2598
  std. dev.               0.1563           0.1236           0.1598           0.1192           0.1159           0.1169           0.1787           0.0828           0.1101           0.0978           0.1194
  weight sum                 669              524              131              576              616              690              552             1160             1239              941              584
  precision               0.0001           0.0001           0.0001           0.0001           0.0001           0.0001           0.0001           0.0001           0.0001           0.0001           0.0001

K/Rb
  mean                    0.1977           0.1663           0.3658           0.1572           0.1643           0.1709           0.1774           0.1707           0.1459           0.1939           0.1531
  std. dev.               0.0921           0.0628           0.1479           0.0683            0.061           0.0477           0.0792           0.0478           0.0642           0.0471            0.075
  weight sum                 669              524              131              576              616              690              552             1160             1239              941              584
  precision               0.0011           0.0011           0.0011           0.0011           0.0011           0.0011           0.0011           0.0011           0.0011           0.0011           0.0011

K/Na
  mean                    0.0627           0.0692           0.1615           0.0617           0.0714            0.076           0.0609           0.0764           0.0536           0.0834           0.0528
  std. dev.                0.025            0.018           0.0855           0.0298           0.0197           0.0163           0.0168           0.0149           0.0208           0.0188           0.0417
  weight sum                 669              524              131              576              616              690              552             1160             1239              941              584
  precision               0.0011           0.0011           0.0011           0.0011           0.0011           0.0011           0.0011           0.0011           0.0011           0.0011           0.0011

Ti/K
  mean                    0.0763           0.0557           0.0277           0.1002           0.0438           0.0481           0.0604           0.0433            0.077           0.0477           0.0994
  std. dev.               0.0593           0.0233           0.0297           0.0492           0.0211           0.0248           0.0557           0.0164           0.0542           0.0173           0.0417
  weight sum                 669              524              131              576              616              690              552             1160             1239              941              584
  precision               0.0009           0.0009           0.0009           0.0009           0.0009           0.0009           0.0009           0.0009           0.0009           0.0009           0.0009

Ca/Ti
  mean                    0.0347           0.0474           0.0424           0.0205           0.0643           0.0246           0.0247           0.0166            0.031           0.0149           0.0208
  std. dev.               0.0643           0.1282           0.0651           0.0623           0.1594           0.0614           0.0517           0.0528           0.0963            0.051           0.0597
  weight sum                 669              524              131              576              616              690              552             1160             1239              941              584
  precision               0.0007           0.0007           0.0007           0.0007           0.0007           0.0007           0.0007           0.0007           0.0007           0.0007           0.0007

Mg/Ti
  mean                    0.0387           0.0404            0.047           0.0212           0.0456           0.0447           0.0464           0.0547           0.0374           0.0359           0.0391
  std. dev.               0.0398           0.0161           0.0354           0.0243           0.0455           0.0167           0.0581           0.0256           0.0225           0.0249           0.0298
  weight sum                 669              524              131              576              616              690              552             1160             1239              941              584
  precision               0.0009           0.0009           0.0009           0.0009           0.0009           0.0009           0.0009           0.0009           0.0009           0.0009           0.0009

Ca/H
  mean                    0.0564           0.0696           0.0933           0.0585            0.065           0.0533           0.0764           0.0342           0.0624           0.0636           0.0822
  std. dev.               0.0428           0.0505            0.054           0.0524           0.0374           0.0384           0.0485           0.0209           0.0388           0.0338           0.0682
  weight sum                 669              524              131              576              616              690              552             1160             1239              941              584
  precision               0.0008           0.0008           0.0008           0.0008           0.0008           0.0008           0.0008           0.0008           0.0008           0.0008           0.0008

Mg/H
  mean                    0.0647           0.1114           0.1262           0.0744           0.1138           0.1155           0.1194           0.1108           0.0996           0.1367            0.141
  std. dev.               0.0479           0.0783           0.0998           0.0659           0.0627           0.0707            0.071           0.0461           0.0703           0.0543           0.1001
  weight sum                 669              524              131              576              616              690              552             1160             1239              941              584
  precision               0.0007           0.0007           0.0007           0.0007           0.0007           0.0007           0.0007           0.0007           0.0007           0.0007           0.0007

O/Mn
  mean                   12.7317          11.9802          11.9991          24.3185          19.9585          12.7694           9.2749           8.3175          18.1768           8.4958           7.9645
  std. dev.              32.2414          20.9594          15.7557          24.3556          30.3747          17.5707          11.5446           9.8708          23.2528           6.6078          14.0492
  weight sum                 669              524              131              576              616              690              552             1160             1239              941              584
  precision                0.429            0.429            0.429            0.429            0.429            0.429            0.429            0.429            0.429            0.429            0.429



Time taken to build model: 0.08 seconds

=== Evaluation on test split ===

Time taken to test model on test split: 0.06 seconds

=== Summary ===

Correctly Classified Instances         674               43.8802 %
Incorrectly Classified Instances       862               56.1198 %
Kappa statistic                          0.3725
Mean absolute error                      0.107 
Root mean squared error                  0.2816
Relative absolute error                 65.8832 %
Root relative squared error             98.7294 %
Total Number of Instances             1536     

=== Detailed Accuracy By Class ===

                 TP Rate  FP Rate  Precision  Recall   F-Measure  MCC      ROC Area  PRC Area  Class
                 0.261    0.014    0.648      0.261    0.372      0.379    0.895     0.472     Cooperstown
                 0.135    0.015    0.405      0.135    0.203      0.202    0.667     0.182     Gobabeb
                 0.844    0.005    0.794      0.844    0.818      0.815    0.988     0.903     Kimberley
                 0.455    0.029    0.577      0.455    0.509      0.476    0.893     0.555     Marias Pass
                 0.363    0.067    0.343      0.363    0.353      0.288    0.772     0.278     Murray Buttes
                 0.194    0.016    0.521      0.194    0.282      0.283    0.759     0.310     Ogunquit Beach
                 0.467    0.053    0.392      0.467    0.426      0.382    0.825     0.338     Pahrump Hills
                 0.786    0.094    0.582      0.786    0.669      0.614    0.914     0.732     Mary Anning
                 0.211    0.059    0.411      0.211    0.279      0.203    0.751     0.350     Naukluft Plateau
                 0.670    0.176    0.330      0.670    0.442      0.372    0.833     0.432     Vera Rubin Ridge
                 0.617    0.099    0.346      0.617    0.443      0.401    0.877     0.382     Yellowknife Bay
Weighted Avg.    0.439    0.067    0.465      0.439    0.415      0.373    0.824     0.432     

=== Confusion Matrix ===

   a   b   c   d   e   f   g   h   i   j   k   <-- classified as
  35   2   1   8   9   1  21   3  15  13  26 |   a = Cooperstown
   0  15   0   0  19   6   2  11   1  45  12 |   b = Gobabeb
   2   0  27   0   0   0   2   0   0   1   0 |   c = Kimberley
   3   0   1  56   4   0   8   2  19   8  22 |   d = Marias Pass
   1   0   0   0  49  10  10  17   5  38   5 |   e = Murray Buttes
   0   6   1   1  12  25   5  29   4  39   7 |   f = Ogunquit Beach
   5   4   0   0  10   0  49   6  10  15   6 |   g = Pahrump Hills
   2   1   0   0   7   1   1 173   4  24   7 |   h = Mary Anning
   1   4   2  32  27   4  20  25  53  47  36 |   i = Naukluft Plateau
   0   4   2   0   3   0   0  28   2 118  19 |   j = Vera Rubin Ridge
   5   1   0   0   3   1   7   3  16  10  74 |   k = Yellowknife Bay

