=== Run information ===

Scheme:       weka.classifiers.functions.Logistic -R 1.0E-8 -M -1 -num-decimal-places 4
Relation:     Medium All Sites Combined Data with Ratios-weka.filters.unsupervised.attribute.Remove-R14-weka.filters.unsupervised.attribute.Normalize-S1.0-T0.0
Instances:    7682
Attributes:   21
              279.64499
              288.24899
              294.96301
              334.991
              393.50943
              427.62112
              589.16156
              656.41418
              670.98114
              766.65668
              777.5863
              795.21838
              Location
              K/Rb
              K/Na
              Ti/K
              Ca/Ti
              Mg/Ti
              Ca/H
              Mg/H
              O/Mn
Test mode:    10-fold cross-validation

=== Classifier model (full training set) ===

Logistic Regression with ridge parameter of 1.0E-8
Coefficients...
                             Class
Variable               Cooperstown                Gobabeb              Kimberley            Marias Pass          Murray Buttes         Ogunquit Beach          Pahrump Hills            Mary Anning       Naukluft Plateau       Vera Rubin Ridge
=================================================================================================================================================================================================================================================
279.64499                 -14.6188                -4.0922                -8.0162                -8.2402                -4.4524                -4.8088               -11.9766                 6.6713                -7.3846               -14.7225
288.24899                  14.7967                12.0093                11.0225                 15.376                 6.8307                 0.2197                14.5677                 6.6235                14.0707                 8.4917
294.96301                  63.0746                 26.623                64.1185               -25.7779               -10.2316                 0.0735                32.4018                43.8814                27.4199                 5.7578
334.991                    -8.0229                12.4982                 0.3613                20.8169               -17.6792                26.7582                -1.8502                -5.9885               -20.2579                21.5731
393.50943                   6.6299                 4.1931                 4.3339                -1.5925                -6.9069                -1.7793                -2.6298               -14.0421                -2.6781                -0.9589
427.62112                  -7.0796               -18.9803               -15.2334                -7.3946               -11.7083               -23.4744               -12.8671               -27.6796                -8.5198               -16.4509
589.16156                  16.5287                 1.7952                16.6375                 2.7191                 1.8649                 1.0276                -5.3924               -32.5578                 0.9515                 0.8768
656.41418                   5.9361                  8.053                11.2805                 -1.614                 0.1369                  7.937                 9.5009                -4.6346                 2.0502                 0.2755
670.98114                  28.6593               -35.3243                  -2.22                27.9033               -13.5838                31.6137                27.9131                31.8969               -45.3801                14.0654
766.65668                  -5.4414                10.2114                23.7176               -17.3731                21.6924                  1.186                -0.8741                23.2186                -2.4016                26.4095
777.5863                  -68.9487               -37.5365               -48.3038               -23.6666                -6.3076                 3.3434               -29.2126                13.4069                 7.6611               -53.6781
795.21838                  56.0964                30.4201                31.1107                23.8942                23.9306                 6.2391                45.5877                -5.8725                 3.9264                48.5251
K/Rb                       13.3002               -13.4896                 -3.019                -0.9683               -23.2541               -21.5216                20.7332               -21.4685                 1.0476               -31.1043
K/Na                       24.0902                12.6034                58.4647                34.9218                26.7379                 54.432               -64.5176                28.9611                 0.1964                42.7536
Ti/K                       -1.5326               -57.3829               -37.2288                 1.5326                -8.1925               -51.7745                -7.1662               -77.2498                 7.9825               -58.6079
Ca/Ti                       2.7042                13.7771                15.4225                 0.3716                 3.9715                -4.6372                 1.2671                10.7211                 2.4444                 8.0001
Mg/Ti                       2.9591               -31.1677               -11.3043                 5.2205                -6.2468                -7.4208                 4.7218               -18.6219                -9.4213               -18.7575
Ca/H                        8.6528                -6.2426                15.0523                 5.6235                -7.4281               -26.6469                 7.2404               -43.4199                 -7.303               -14.6735
Mg/H                      -36.4278                 4.7274                 -21.75                 -8.211                 8.4542                18.8961                  -2.39                 1.9213                 1.9227                  6.785
O/Mn                        0.0167                -0.0394                -0.0143                 0.0129                -0.0121                -0.0072                -0.0285                -0.0476                 0.0019                  -0.08
Intercept                  -6.0821                 4.5796                -7.7464                -3.2657                -1.0014                 2.9289                -5.7379                11.0398                -1.7213                  8.181


Odds Ratios...
                             Class
Variable               Cooperstown                Gobabeb              Kimberley            Marias Pass          Murray Buttes         Ogunquit Beach          Pahrump Hills            Mary Anning       Naukluft Plateau       Vera Rubin Ridge
=================================================================================================================================================================================================================================================
279.64499                        0                 0.0167                 0.0003                 0.0003                 0.0117                 0.0082                      0               789.4014                 0.0006                      0
288.24899             2667616.5762            164278.1472             61237.6906           4760917.1002                925.824                 1.2457           2121743.7202               752.5948           1290766.4888              4874.3475
294.96301     2.471471793390913E27   3.649575240413144E11   7.019585022511327E27                      0                      0                 1.0763  1.1801090824770467E14  1.1414659733739082E19   8.097053053926906E11               316.6585
334.991                     0.0003            267855.2059                 1.4353        1098192193.1716                      0    4.17758885353384E11                 0.1572                 0.0025                      0        2339151056.2891
393.50943                 757.4223                66.2245                  76.24                 0.2034                  0.001                 0.1688                 0.0721                      0                 0.0687                 0.3833
427.62112                   0.0008                      0                      0                 0.0006                      0                      0                      0                      0                 0.0002                      0
589.16156            15076800.8416                 6.0204          16810528.0438                 15.167                  6.455                 2.7944                 0.0046                      0                 2.5895                 2.4031
656.41418                 378.4376              3143.1916               79260.75                 0.1991                 1.1467              2798.9196             13371.6631                 0.0097                 7.7697                 1.3172
670.98114    2.7961121718126685E12                      0                 0.1086  1.3129649646829653E12                      0   5.366304634511022E13   1.325822613273993E12   7.122780144664153E13                      0           1283942.8239
766.65668                   0.0043             27212.5676  1.9971255587381138E10                      0        2635702901.5918                  3.274                 0.4172  1.2125814351035244E10                 0.0906   2.947895558283214E11
777.5863                         0                      0                      0                      0                 0.0018                28.3144                      0            664542.9471              2124.0897                      0
795.21838    2.3032690042465951E24  1.6265384789126455E13  3.2450705754766426E13   2.382956450615966E10   2.471305781415877E10               512.4122   6.287820839711987E19                 0.0028                50.7235  1.1862112347831001E21
K/Rb                   597331.4479                      0                 0.0488                 0.3797                      0                      0        1010030346.7695                      0                 2.8508                      0
K/Na          2.898926635857653E10            297562.2363   2.459901787151178E25   1.466679747414351E15   4.093595549459051E11   4.360499817042424E23                      0  3.7812968391685483E12                  1.217    3.69518440907842E18
Ti/K                         0.216                      0                      0                   4.63                 0.0003                      0                 0.0008                      0              2929.2698                      0
Ca/Ti                      14.9427             962290.568           4987543.5973                   1.45                53.0649                 0.0097                 3.5507             45303.2863                11.5238              2981.3859
Mg/Ti                      19.2808                      0                      0               185.0329                 0.0019                 0.0006               112.3737                      0                 0.0001                      0
Ca/H                     5726.3596                 0.0019           3444701.1299               276.8619                 0.0006                      0              1394.6138                      0                 0.0007                      0
Mg/H                             0               112.9996                      0                 0.0003              4694.6073         160873364.3828                 0.0916                 6.8299                 6.8392               884.5113
O/Mn                        1.0168                 0.9614                 0.9858                  1.013                 0.9879                 0.9928                 0.9719                 0.9535                 1.0019                 0.9231


Time taken to build model: 11.34 seconds

=== Stratified cross-validation ===
=== Summary ===

Correctly Classified Instances        4648               60.5051 %
Incorrectly Classified Instances      3034               39.4949 %
Kappa statistic                          0.5548
Mean absolute error                      0.1012
Root mean squared error                  0.2227
Relative absolute error                 62.3817 %
Root relative squared error             78.1932 %
Total Number of Instances             7682     

=== Detailed Accuracy By Class ===

                 TP Rate  FP Rate  Precision  Recall   F-Measure  MCC      ROC Area  PRC Area  Class
                 0.744    0.031    0.695      0.744    0.719      0.691    0.956     0.747     Cooperstown
                 0.221    0.025    0.392      0.221    0.283      0.257    0.885     0.346     Gobabeb
                 0.573    0.003    0.765      0.573    0.655      0.657    0.962     0.619     Kimberley
                 0.552    0.017    0.729      0.552    0.628      0.609    0.919     0.653     Marias Pass
                 0.464    0.034    0.547      0.464    0.502      0.464    0.862     0.474     Murray Buttes
                 0.451    0.036    0.554      0.451    0.497      0.456    0.893     0.512     Ogunquit Beach
                 0.569    0.022    0.664      0.569    0.613      0.587    0.896     0.584     Pahrump Hills
                 0.815    0.069    0.677      0.815    0.740      0.693    0.960     0.812     Mary Anning
                 0.595    0.096    0.544      0.595    0.568      0.482    0.861     0.603     Naukluft Plateau
                 0.751    0.075    0.583      0.751    0.656      0.608    0.921     0.636     Vera Rubin Ridge
                 0.584    0.039    0.554      0.584    0.568      0.532    0.932     0.548     Yellowknife Bay
Weighted Avg.    0.605    0.051    0.600      0.605    0.596      0.552    0.910     0.614     

=== Confusion Matrix ===

   a   b   c   d   e   f   g   h   i   j   k   <-- classified as
 498   5  11   6   0   2  44  20  25  15  43 |   a = Cooperstown
  11 116   0   6  28  38  12  34 122 142  15 |   b = Gobabeb
  26   3  75   0   0   2   4  14   2   5   0 |   c = Kimberley
  15   8   2 318   2  12   9  12 100  14  84 |   d = Marias Pass
   9  16   1   4 286  32  16  57  95  96   4 |   e = Murray Buttes
   2  16   0  11  40 311  10 175  16 103   6 |   f = Ogunquit Beach
  48  15   4  10  31  18 314  12  62  24  14 |   g = Pahrump Hills
   3  11   0   3  19  90   2 945  29  53   5 |   h = Mary Anning
  44  44   3  60  80  27  44  61 737  50  89 |   i = Naukluft Plateau
   9  60   1   9  28  24   4  48  36 707  15 |   j = Vera Rubin Ridge
  52   2   1   9   9   5  14  17 130   4 341 |   k = Yellowknife Bay

