=== Run information ===

Scheme:       weka.classifiers.bayes.NaiveBayes 
Relation:     Medium All Sites Combined Data with Ratios-weka.filters.unsupervised.attribute.Remove-R14-weka.filters.unsupervised.attribute.Normalize-S1.0-T0.0
Instances:    7682
Attributes:   21
              279.64499
              288.24899
              294.96301
              334.991
              393.50943
              427.62112
              589.16156
              656.41418
              670.98114
              766.65668
              777.5863
              795.21838
              Location
              K/Rb
              K/Na
              Ti/K
              Ca/Ti
              Mg/Ti
              Ca/H
              Mg/H
              O/Mn
Test mode:    10-fold cross-validation

=== Classifier model (full training set) ===

Naive Bayes Classifier

                          Class
Attribute           Cooperstown          Gobabeb        Kimberley      Marias Pass    Murray Buttes   Ogunquit Beach    Pahrump Hills      Mary Anning Naukluft Plateau Vera Rubin Ridge  Yellowknife Bay
                         (0.09)           (0.07)           (0.02)           (0.08)           (0.08)           (0.09)           (0.07)           (0.15)           (0.16)           (0.12)           (0.08)
==========================================================================================================================================================================================================
279.64499
  mean                    0.2844           0.3123           0.3503           0.2099           0.3649           0.3409           0.4057           0.3724           0.3118           0.3047           0.3146
  std. dev.               0.1876           0.1259           0.2007            0.132           0.1594           0.0902           0.1619           0.0919           0.1508           0.0778           0.1442
  weight sum                 669              524              131              576              616              690              552             1160             1239              941              584
  precision               0.0009           0.0009           0.0009           0.0009           0.0009           0.0009           0.0009           0.0009           0.0009           0.0009           0.0009

288.24899
  mean                    0.3599           0.3403           0.4648            0.455           0.4275           0.3629           0.5053           0.3585           0.4259           0.3679           0.2844
  std. dev.               0.1577           0.1469           0.1817           0.1819           0.1821            0.122           0.1971           0.0999           0.1488           0.1044           0.1333
  weight sum                 669              524              131              576              616              690              552             1160             1239              941              584
  precision                0.001            0.001            0.001            0.001            0.001            0.001            0.001            0.001            0.001            0.001            0.001

294.96301
  mean                    0.0918           0.0632           0.0953           0.0347           0.0567           0.0527           0.0844           0.0823           0.0558           0.0609           0.0636
  std. dev.               0.0808           0.0286           0.0719           0.0289           0.0272           0.0221            0.038           0.0548           0.0348           0.0242            0.036
  weight sum                 669              524              131              576              616              690              552             1160             1239              941              584
  precision               0.0004           0.0004           0.0004           0.0004           0.0004           0.0004           0.0004           0.0004           0.0004           0.0004           0.0004

334.991
  mean                    0.1205           0.0835            0.106           0.1355           0.0889           0.0816           0.1203           0.0717           0.0917           0.0908           0.1001
  std. dev.               0.0985           0.0362           0.0932           0.0693           0.0412           0.0387           0.0724           0.0216           0.0438           0.0308             0.06
  weight sum                 669              524              131              576              616              690              552             1160             1239              941              584
  precision               0.0007           0.0007           0.0007           0.0007           0.0007           0.0007           0.0007           0.0007           0.0007           0.0007           0.0007

393.50943
  mean                    0.1894           0.1851           0.2383           0.1476           0.2119           0.1625           0.2246           0.1036           0.1841           0.1309           0.1606
  std. dev.               0.0925           0.1055           0.1067           0.0918           0.1462           0.1182           0.0888           0.0524           0.1018           0.0683           0.0832
  weight sum                 669              524              131              576              616              690              552             1160             1239              941              584
  precision                0.001            0.001            0.001            0.001            0.001            0.001            0.001            0.001            0.001            0.001            0.001

427.62112
  mean                    0.2259           0.1722           0.2285           0.1929           0.2118           0.1726           0.2568           0.1561           0.2139           0.1831            0.295
  std. dev.               0.1869           0.0669            0.116           0.1397           0.0831           0.0751           0.1207           0.0475           0.0969           0.0604           0.1772
  weight sum                 669              524              131              576              616              690              552             1160             1239              941              584
  precision               0.0002           0.0002           0.0002           0.0002           0.0002           0.0002           0.0002           0.0002           0.0002           0.0002           0.0002

589.16156
  mean                    0.2423           0.1753            0.265           0.1838           0.2287           0.1832           0.2826           0.1742            0.209           0.1827           0.1552
  std. dev.               0.1365           0.0819           0.1586           0.0826           0.1002           0.0711           0.1148           0.0472           0.0838           0.0564           0.0735
  weight sum                 669              524              131              576              616              690              552             1160             1239              941              584
  precision               0.0009           0.0009           0.0009           0.0009           0.0009           0.0009           0.0009           0.0009           0.0009           0.0009           0.0009

656.41418
  mean                    0.1459           0.1174           0.1072           0.0848             0.09           0.1126           0.1338           0.0895           0.1035           0.0646            0.079
  std. dev.               0.1296           0.1112           0.1146           0.0486           0.0471           0.1044           0.1539           0.0463           0.0846            0.048           0.0725
  weight sum                 669              524              131              576              616              690              552             1160             1239              941              584
  precision               0.0001           0.0001           0.0001           0.0001           0.0001           0.0001           0.0001           0.0001           0.0001           0.0001           0.0001

670.98114
  mean                     0.041           0.0187           0.0376           0.0282           0.0324           0.0475           0.0454           0.0312           0.0204           0.0255           0.0228
  std. dev.               0.0702             0.06           0.0287           0.0787           0.0182           0.0533            0.037           0.0395           0.0169           0.0711           0.0448
  weight sum                 669              524              131              576              616              690              552             1160             1239              941              584
  precision               0.0001           0.0001           0.0001           0.0001           0.0001           0.0001           0.0001           0.0001           0.0001           0.0001           0.0001

766.65668
  mean                    0.1252           0.1086           0.3019           0.0973           0.1443            0.121           0.1505           0.1173            0.099           0.1329           0.0712
  std. dev.               0.0722           0.0551           0.1452           0.0547           0.0678            0.049           0.0741           0.0426           0.0555           0.0474           0.0422
  weight sum                 669              524              131              576              616              690              552             1160             1239              941              584
  precision               0.0007           0.0007           0.0007           0.0007           0.0007           0.0007           0.0007           0.0007           0.0007           0.0007           0.0007

777.5863
  mean                    0.3107           0.3161           0.4033           0.3281           0.4524           0.3561           0.4426           0.3402           0.3612           0.3143           0.2461
  std. dev.               0.1429           0.1082           0.1645           0.1181           0.1276            0.116            0.177           0.0837            0.116           0.0867            0.124
  weight sum                 669              524              131              576              616              690              552             1160             1239              941              584
  precision               0.0011           0.0011           0.0011           0.0011           0.0011           0.0011           0.0011           0.0011           0.0011           0.0011           0.0011

795.21838
  mean                    0.3586           0.3519           0.4579           0.3381           0.4727           0.3813            0.473           0.3685           0.3615           0.3669           0.2598
  std. dev.               0.1563           0.1236           0.1598           0.1192           0.1159           0.1169           0.1787           0.0828           0.1101           0.0978           0.1194
  weight sum                 669              524              131              576              616              690              552             1160             1239              941              584
  precision               0.0001           0.0001           0.0001           0.0001           0.0001           0.0001           0.0001           0.0001           0.0001           0.0001           0.0001

K/Rb
  mean                    0.1977           0.1663           0.3658           0.1572           0.1643           0.1709           0.1774           0.1707           0.1459           0.1939           0.1531
  std. dev.               0.0921           0.0628           0.1479           0.0683            0.061           0.0477           0.0792           0.0478           0.0642           0.0471            0.075
  weight sum                 669              524              131              576              616              690              552             1160             1239              941              584
  precision               0.0011           0.0011           0.0011           0.0011           0.0011           0.0011           0.0011           0.0011           0.0011           0.0011           0.0011

K/Na
  mean                    0.0627           0.0692           0.1615           0.0617           0.0714            0.076           0.0609           0.0764           0.0536           0.0834           0.0528
  std. dev.                0.025            0.018           0.0855           0.0298           0.0197           0.0163           0.0168           0.0149           0.0208           0.0188           0.0417
  weight sum                 669              524              131              576              616              690              552             1160             1239              941              584
  precision               0.0011           0.0011           0.0011           0.0011           0.0011           0.0011           0.0011           0.0011           0.0011           0.0011           0.0011

Ti/K
  mean                    0.0763           0.0557           0.0277           0.1002           0.0438           0.0481           0.0604           0.0433            0.077           0.0477           0.0994
  std. dev.               0.0593           0.0233           0.0297           0.0492           0.0211           0.0248           0.0557           0.0164           0.0542           0.0173           0.0417
  weight sum                 669              524              131              576              616              690              552             1160             1239              941              584
  precision               0.0009           0.0009           0.0009           0.0009           0.0009           0.0009           0.0009           0.0009           0.0009           0.0009           0.0009

Ca/Ti
  mean                    0.0347           0.0474           0.0424           0.0205           0.0643           0.0246           0.0247           0.0166            0.031           0.0149           0.0208
  std. dev.               0.0643           0.1282           0.0651           0.0623           0.1594           0.0614           0.0517           0.0528           0.0963            0.051           0.0597
  weight sum                 669              524              131              576              616              690              552             1160             1239              941              584
  precision               0.0007           0.0007           0.0007           0.0007           0.0007           0.0007           0.0007           0.0007           0.0007           0.0007           0.0007

Mg/Ti
  mean                    0.0387           0.0404            0.047           0.0212           0.0456           0.0447           0.0464           0.0547           0.0374           0.0359           0.0391
  std. dev.               0.0398           0.0161           0.0354           0.0243           0.0455           0.0167           0.0581           0.0256           0.0225           0.0249           0.0298
  weight sum                 669              524              131              576              616              690              552             1160             1239              941              584
  precision               0.0009           0.0009           0.0009           0.0009           0.0009           0.0009           0.0009           0.0009           0.0009           0.0009           0.0009

Ca/H
  mean                    0.0564           0.0696           0.0933           0.0585            0.065           0.0533           0.0764           0.0342           0.0624           0.0636           0.0822
  std. dev.               0.0428           0.0505            0.054           0.0524           0.0374           0.0384           0.0485           0.0209           0.0388           0.0338           0.0682
  weight sum                 669              524              131              576              616              690              552             1160             1239              941              584
  precision               0.0008           0.0008           0.0008           0.0008           0.0008           0.0008           0.0008           0.0008           0.0008           0.0008           0.0008

Mg/H
  mean                    0.0647           0.1114           0.1262           0.0744           0.1138           0.1155           0.1194           0.1108           0.0996           0.1367            0.141
  std. dev.               0.0479           0.0783           0.0998           0.0659           0.0627           0.0707            0.071           0.0461           0.0703           0.0543           0.1001
  weight sum                 669              524              131              576              616              690              552             1160             1239              941              584
  precision               0.0007           0.0007           0.0007           0.0007           0.0007           0.0007           0.0007           0.0007           0.0007           0.0007           0.0007

O/Mn
  mean                   12.7317          11.9802          11.9991          24.3185          19.9585          12.7694           9.2749           8.3175          18.1768           8.4958           7.9645
  std. dev.              32.2414          20.9594          15.7557          24.3556          30.3747          17.5707          11.5446           9.8708          23.2528           6.6078          14.0492
  weight sum                 669              524              131              576              616              690              552             1160             1239              941              584
  precision                0.429            0.429            0.429            0.429            0.429            0.429            0.429            0.429            0.429            0.429            0.429



Time taken to build model: 0.09 seconds

=== Stratified cross-validation ===
=== Summary ===

Correctly Classified Instances        3387               44.0901 %
Incorrectly Classified Instances      4295               55.9099 %
Kappa statistic                          0.3719
Mean absolute error                      0.1067
Root mean squared error                  0.2801
Relative absolute error                 65.7541 %
Root relative squared error             98.3372 %
Total Number of Instances             7682     

=== Detailed Accuracy By Class ===

                 TP Rate  FP Rate  Precision  Recall   F-Measure  MCC      ROC Area  PRC Area  Class
                 0.288    0.019    0.598      0.288    0.389      0.379    0.895     0.470     Cooperstown
                 0.078    0.016    0.259      0.078    0.120      0.110    0.697     0.155     Gobabeb
                 0.695    0.008    0.611      0.695    0.650      0.645    0.935     0.653     Kimberley
                 0.448    0.024    0.600      0.448    0.513      0.485    0.890     0.552     Marias Pass
                 0.331    0.053    0.351      0.331    0.341      0.285    0.777     0.252     Murray Buttes
                 0.203    0.027    0.428      0.203    0.275      0.249    0.752     0.267     Ogunquit Beach
                 0.480    0.054    0.408      0.480    0.441      0.395    0.829     0.411     Pahrump Hills
                 0.760    0.104    0.565      0.760    0.649      0.584    0.911     0.733     Mary Anning
                 0.268    0.065    0.441      0.268    0.333      0.251    0.751     0.367     Naukluft Plateau
                 0.677    0.167    0.362      0.677    0.471      0.398    0.838     0.445     Vera Rubin Ridge
                 0.589    0.091    0.348      0.589    0.437      0.394    0.875     0.382     Yellowknife Bay
Weighted Avg.    0.441    0.069    0.448      0.441    0.418      0.369    0.825     0.431     

=== Confusion Matrix ===

   a   b   c   d   e   f   g   h   i   j   k   <-- classified as
 193   9  24   7  31  12 106  15  85  40 147 |   a = Cooperstown
   5  41   0   2  58  58  18  57  26 205  54 |   b = Gobabeb
   8   2  91   0   6   3   7   6   1   4   3 |   c = Kimberley
  17   1   6 258  14   1  25   6 100  34 114 |   d = Marias Pass
   4   7   3   0 204  27  56 109  30 157  19 |   e = Murray Buttes
   3  31   1   1  57 140  24 191   8 195  39 |   f = Ogunquit Beach
  21  10  10   1  40  17 265  21  48  81  38 |   g = Pahrump Hills
  15  12   0   1  28  26   7 882  10 136  43 |   h = Mary Anning
  25  23   7 156 117  26 102 115 332 223 113 |   i = Naukluft Plateau
   4  20   4   2  14  14   3 149  19 637  75 |   j = Vera Rubin Ridge
  28   2   3   2  12   3  37   9  94  50 344 |   k = Yellowknife Bay

