=== Run information ===

Scheme:       weka.classifiers.functions.Logistic -R 1.0E-8 -M -1 -num-decimal-places 4
Relation:     Medium Reduced Rock Data No Unknowns-weka.filters.unsupervised.attribute.Remove-R2-3-weka.filters.unsupervised.attribute.Normalize-S1.0-T0.0
Instances:    470
Attributes:   71
              ﻿Binary Type
              263.1
              279.5333333
              288
              288.1333333
              308.2
              309.3
              313.0666667
              316.2333333
              334.2333333
              335
              365
              368
              371
              371.3666667
              373
              373.5
              375
              379.5333333
              380
              380.1666667
              388
              389.3666667
              390.5333333
              393
              396
              397.7
              401.8
              403
              406
              408.4666667
              420.5333333
              421.3666667
              422
              425.5
              427.1
              428.5666667
              428.9
              430
              432
              432.5
              443.7
              445
              445.3666667
              453
              453.6
              455
              457.3333333
              466.6
              468
              474
              475.4
              476
              476.2666667
              482.5
              483.8
              498.1333333
              501.8
              507.9333333
              516
              518
              527
              531.8666667
              534.4
              566.5
              567.0666667
              588
              610.3
              670
              670.8
              704.6666667
Test mode:    split 80.0% train, remainder test

=== Classifier model (full training set) ===

Logistic Regression with ridge parameter of 1.0E-8
Coefficients...
                                Class
Variable                          DRC
=====================================
263.1                        141.6146
279.5333333                 -528.4004
288                          223.3137
288.1333333                 -217.3767
308.2                        189.7684
309.3                         51.6716
313.0666667                 -186.7762
316.2333333                  114.3609
334.2333333                  -38.2456
335                         -101.7133
365                          237.3708
368                          -30.9125
371                          -28.8024
371.3666667                   48.5522
373                          210.0618
373.5                        -125.922
375                          -73.3512
379.5333333                   45.8374
380                          304.3875
380.1666667                  116.8321
388                         -288.9106
389.3666667                   65.7414
390.5333333                 -218.5166
393                           421.631
396                          -51.4641
397.7                        -18.1164
401.8                        332.9848
403                          330.3222
406                           40.3034
408.4666667                  -88.3911
420.5333333                 -237.0024
421.3666667                  -81.5433
422                          -422.224
425.5                       -124.6264
427.1                        -37.9591
428.5666667                 -107.0199
428.9                        123.4254
430                         -380.4456
432                         -520.6025
432.5                         45.5044
443.7                        -59.1823
445                         -561.7525
445.3666667                 -262.9105
453                          209.5498
453.6                        774.5458
455                           510.635
457.3333333                  114.7261
466.6                        -90.4731
468                          177.0947
474                            7.6828
475.4                        175.6413
476                          217.2765
476.2666667                   130.657
482.5                        -743.892
483.8                       -282.8712
498.1333333                  -493.221
501.8                        202.7147
507.9333333                   92.0927
516                            26.467
518                           203.764
527                           70.6421
531.8666667                  -11.1972
534.4                       -165.6893
566.5                          5.4582
567.0666667                  159.9705
588                           61.3324
610.3                        418.2621
670                          375.3518
670.8                       -501.0765
704.6666667                   -0.0958
Intercept                     -3.1903


Odds Ratios...
                                Class
Variable                          DRC
=====================================
263.1            3.180202717435396E61
279.5333333                         0
288              9.636290865097923E96
288.1333333                         0
308.2           2.6024562209623728E82
309.3           2.7585715684181323E22
313.0666667                         0
316.2333333     4.6377609696193865E49
334.2333333                         0
335                                 0
365            1.2269852365032495E103
368                                 0
371                                 0
371.3666667      1.218798884278874E21
373             1.6930329201952902E91
373.5                               0
375                                 0
379.5333333      8.071275738438941E19
380             1.562396261318458E132
380.1666667       5.48967692036039E50
388                                 0
389.3666667     3.5572031027037525E28
390.5333333                         0
393            1.2942079538788103E183
396                                 0
397.7                               0
401.8           4.106195659193621E144
403            2.8648661298316337E143
406             3.1882908728021709E17
408.4666667                         0
420.5333333                         0
421.3666667                         0
422                                 0
425.5                               0
427.1                               0
428.5666667                         0
428.9            4.008422426078469E53
430                                 0
432                                 0
432.5           5.7853549583301345E19
443.7                               0
445                                 0
445.3666667                         0
453              1.014670539402568E91
453.6                        Infinity
455            5.8338853208515205E221
457.3333333      6.681799297934752E49
466.6                               0
468              8.152032026490892E76
474                         2170.6244
475.4           1.9057001397902897E76
476              2.301297567460254E94
476.2666667      5.541464362104481E56
482.5                               0
483.8                               0
498.1333333                         0
501.8           1.0911328217202745E88
507.9333333      9.893943798174167E39
516              3.122427548017495E11
518             3.1157755604296297E88
527             4.7805877093456376E30
531.8666667                         0
534.4                               0
566.5                        234.6655
567.0666667     2.9804651097390537E69
588              4.328474166945555E26
610.3           4.455701429568535E181
670            1.0308466717256454E163
670.8                               0
704.6666667                    0.9087


Time taken to build model: 0.12 seconds

=== Evaluation on test split ===

Time taken to test model on test split: 0 seconds

=== Summary ===

Correctly Classified Instances          93               98.9362 %
Incorrectly Classified Instances         1                1.0638 %
Kappa statistic                          0.9757
Mean absolute error                      0.0103
Root mean squared error                  0.1   
Relative absolute error                  2.3661 %
Root relative squared error             21.4493 %
Total Number of Instances               94     

=== Detailed Accuracy By Class ===

                 TP Rate  FP Rate  Precision  Recall   F-Measure  MCC      ROC Area  PRC Area  Class
                 1.000    0.016    0.968      1.000    0.984      0.976    1.000     1.000     DRC
                 0.984    0.000    1.000      0.984    0.992      0.976    1.000     1.000     Not DRC
Weighted Avg.    0.989    0.005    0.990      0.989    0.989      0.976    1.000     1.000     

=== Confusion Matrix ===

  a  b   <-- classified as
 30  0 |  a = DRC
  1 63 |  b = Not DRC

