=== Run information ===

Scheme:       weka.classifiers.functions.Logistic -R 1.0E-8 -M -1 -num-decimal-places 4
Relation:     Medium Reduced Rock Data No Unknowns-weka.filters.unsupervised.attribute.Remove-R1,3-weka.filters.unsupervised.attribute.Normalize-S1.0-T0.0
Instances:    470
Attributes:   71
              Area
              263.1
              279.5333333
              288
              288.1333333
              308.2
              309.3
              313.0666667
              316.2333333
              334.2333333
              335
              365
              368
              371
              371.3666667
              373
              373.5
              375
              379.5333333
              380
              380.1666667
              388
              389.3666667
              390.5333333
              393
              396
              397.7
              401.8
              403
              406
              408.4666667
              420.5333333
              421.3666667
              422
              425.5
              427.1
              428.5666667
              428.9
              430
              432
              432.5
              443.7
              445
              445.3666667
              453
              453.6
              455
              457.3333333
              466.6
              468
              474
              475.4
              476
              476.2666667
              482.5
              483.8
              498.1333333
              501.8
              507.9333333
              516
              518
              527
              531.8666667
              534.4
              566.5
              567.0666667
              588
              610.3
              670
              670.8
              704.6666667
Test mode:    split 80.0% train, remainder test

=== Classifier model (full training set) ===

Logistic Regression with ridge parameter of 1.0E-8
Coefficients...
                                Class
Variable                          DRC                Keystone                 Pringle                  Custer              New Mexico                Colorado                 Bolivia
=====================================================================================================================================================================================
263.1                         98.1633               -183.9099                352.6592               -184.0997                -17.1297               -179.3093               -163.2066
279.5333333                 -409.5117                  41.337               -197.2428                 51.5898                  69.976               -120.9581                196.3902
288                          133.5797                 24.2933               -287.7411                 11.4726                 36.8178                 -4.1569                  78.899
288.1333333                  -53.1134                147.9731               -230.3129                207.7093                 150.799                 -3.6693               -101.1761
308.2                         95.4686               -118.1727                 -2.8022                -69.9336                 -6.3173                  50.699                 45.7107
309.3                         67.0114               -138.0693                242.6757               -159.7203                -80.7808                 91.2923                 39.8073
313.0666667                  -92.9074                142.3438                -93.3797                 52.5034                -47.4439                123.7838                -19.5274
316.2333333                  126.4123                 14.8064                -98.9397                363.5949                -91.7089                -97.0709                 40.4037
334.2333333                   -7.8868                201.4324                469.5068                 143.368                -49.8882               -103.8884                 14.8622
335                          -45.0625                263.1681                187.3954                 63.3408                 16.3987               -228.5198                 79.9828
365                           96.8627               -259.4111               -175.3099                 56.8891                 43.9902                  0.5272                  1.1009
368                          -56.4614                -51.0751                   83.52                -26.0913                  -59.87                138.7447                 70.7557
371                          -58.9078                 -12.136                 -9.7988               -107.3849                151.0893                -78.2474                 13.6169
371.3666667                  -16.4765                 95.7804                152.0936               -284.7568                  82.247                  1.8825                 41.5007
373                           -8.9023                  96.781               -396.0494               -145.6381                143.0275                 208.145                -71.4256
373.5                         -69.743                 30.6858                 53.4357                112.6105                -39.9795                -82.3715                 31.9201
375                          -29.6642               -303.0614                 142.673                267.9633                  -7.163                 -1.2787                 56.1502
379.5333333                   34.7063                111.4558                -159.682                  130.48                -62.9676               -107.0988                 23.0312
380                          174.0596               -141.1475                -31.8695               -144.5865                  8.3347                -16.7708                  5.3472
380.1666667                   -1.2687               -135.3234                -63.2862                 27.3044                    5.07                -20.8794                -22.6157
388                         -105.2041                117.8766                -261.305                235.1827                 98.8744                142.8583                140.5267
389.3666667                  -45.1807                103.9479                -52.9869               -123.3805                 13.3465                  4.1783                -30.0519
390.5333333                  -98.8184                  337.41                 -8.8675               -284.1172                -22.8014                389.9329                 -1.6306
393                          353.7037                 85.4387                  20.813                154.4077                225.3959               -226.2366               -128.0391
396                         -235.9859               -354.1872               -288.2109                244.6407                -267.226               -195.4789                 52.7723
397.7                         71.8017                267.6416                 32.5865               -215.1239                -38.8327                 -1.8581                 24.6521
401.8                        182.0726                -66.3491                285.8482               -265.4501                 16.2227                 96.4806                -44.3105
403                          134.8592                 -75.197                -78.3875                 -29.479                 76.1326                 52.6085                -96.7647
406                           54.8123               -201.2851                190.7351                 89.5205                -17.2054                -153.875                 20.3273
408.4666667                  -26.0503                -26.6012                195.5565                -18.3974                 -62.749                -70.7635                -11.8957
420.5333333                 -141.1855                -23.0383                -84.3976                260.1733                  8.1708                -66.7608                -17.2735
421.3666667                  -61.7366               -300.6634                140.6841                101.6192               -103.4111                258.3887                   -52.8
422                         -125.2592               -187.2234                 99.8532                185.8393                 23.2428                207.4757                 24.3189
425.5                        -46.8289                 -36.334                219.5915                -60.2758                -74.0696               -111.9179                 19.0567
427.1                         11.0393                288.3317                -15.2869                -52.9997                -92.6792                 -5.1117                 38.2239
428.5666667                  -10.8816                 52.7672                -67.2644                 74.3415               -104.8566               -281.6176                -72.0981
428.9                        -35.0402                366.0423                  67.905               -354.4904                 59.3703                 -8.3186                100.0856
430                         -186.7136                  9.0615               -358.0273                262.6188                 18.8366               -125.4378                 44.3807
432                         -218.2836                 -7.7084                141.3404                187.4985                -25.3161                 91.3864                 35.3585
432.5                         37.6541                205.6295               -184.6729                -36.8327               -130.3937                 41.3056                 10.0862
443.7                         17.1547                  6.2705                233.8834                -91.3402                -66.8022                -46.0171                  3.6105
445                         -188.1804               -272.5445               -315.4673                702.7294               -174.3252                -19.6927                  47.335
445.3666667                  -82.9218                323.6753                  576.72                 57.7145                124.1128                 23.6134                179.0058
453                          205.0172                168.9977               -106.4387                -42.5008                 46.8864                -191.326                 11.6443
453.6                         364.369               -639.4857               -271.5526               -398.7452                199.7004               -334.4681               -183.5393
455                          335.7082                139.2127               -461.6609                -72.1049                -231.797                814.9255               -235.5914
457.3333333                   22.2788                161.0268                 24.0884               -190.4152                 58.8971                 66.1473                -21.1784
466.6                        -72.7722                -72.7909               -126.6922                 24.5505                 -0.7636                 73.6965                -35.7361
468                          188.8229                170.9038               -405.8002                146.7622                 38.4343                142.2342                -96.0003
474                           63.4084                316.2244               -345.8726                 44.7433                 24.1494               -170.2292                 46.6316
475.4                        147.1657               -332.8891                 -84.506                269.7238                -42.5313                136.7206                -52.6216
476                         -130.8956                -850.354                 820.724                248.9868               -225.9034                -95.1981                 -93.489
476.2666667                   156.892                301.5534                115.5269               -420.4635                 -2.8233                 88.4437                -11.9326
482.5                       -356.4162                 52.5784                203.7576                163.0847                 35.3227                -95.4109                 100.339
483.8                       -113.1922                245.2874                -23.6974                -10.9409                -18.1823                 25.8326                 20.7508
498.1333333                 -407.6365               -458.0042                -38.8953               -961.8068                161.4809                -116.173                147.6363
501.8                         129.848                  0.5046               -172.9977                223.7846                -11.8377                -28.3158                -36.8448
507.9333333                   16.7727                -67.4395                206.1612                -92.1673                 71.6948                  11.503                -29.5556
516                          -34.8901                  5.4085                139.7548               -148.6774                 18.5107                 58.3003                -37.6094
518                           33.1497                -52.1846                 33.9531                -54.7316                 17.2878                 -26.647                 36.9222
527                          -20.6537                 117.617                -73.8236                 62.2338                 66.3278                137.4676                108.4495
531.8666667                  -17.9836                -84.2013                 76.3936                102.6825                  46.475                 -87.325                 -4.6796
534.4                        -134.404                -49.1247                186.4688               -127.3812                 70.5323                 50.4595                -15.8538
566.5                          7.8106                -73.0032                 55.0943                 37.3688                 15.9551               -119.5049                 20.6978
567.0666667                  116.6914                -43.5275                 31.3241                 16.6628                -92.7729               -130.2509                -21.8576
588                          -38.8958               -188.8194               -394.4958               -354.5564               -146.3077                 11.1724                -168.287
610.3                        257.4926                  7.3022                567.9815                224.4796                195.0668               -357.3738                 -136.45
670                          223.0768               -308.6239                371.0493               -127.3253                -31.4245                 89.5625                -46.0509
670.8                       -270.5792                119.2575               -503.8808               -310.7374               -224.1792                -27.6354                -23.2159
704.6666667                   -0.0491                  0.0599                  -0.069                  0.0592                  0.0111                 -0.0091                 -0.0124
Intercept                     13.9668                  2.4127                  -5.171                 11.5075                  2.7379                -16.4879                  5.4524


Odds Ratios...
                                Class
Variable                          DRC                Keystone                 Pringle                  Custer              New Mexico                Colorado                 Bolivia
=====================================================================================================================================================================================
263.1            4.283509273499794E42                       0   1.438617250267766E153                       0                       0                       0                       0
279.5333333                         0   8.9622154334801293E17                       0    2.541855472240171E22   2.4557253301425516E30                       0   1.9551198317318734E85
288             1.0301899411507308E58    3.551692198556548E10                       0              96045.1254    9.766856595373994E15                  0.0157   1.8425295514170924E34
288.1333333                         0   1.8360999981684324E64                       0    1.610715227859939E90   3.0987811488562005E65                  0.0255                       0
308.2           2.8938849626254785E41                       0                  0.0607                       0                  0.0018   1.0429988693911435E22   7.1107436374919684E19
309.3           1.2666825161834471E29                       0   2.470167212692832E105                       0                       0   4.4437216239349284E39  1.94119633314323136E17
313.0666667                         0    6.593923677881277E61                       0     6.33778225593248E22                       0    5.736333089344175E53                       0
316.2333333      7.946083352485923E54            2693582.9403                       0   8.076968580721284E157                       0                       0   3.5244854304472832E17
334.2333333                    0.0004   3.0266932150138096E87   8.020783650410727E203   1.8362860613505752E62                       0                       0            2848214.1368
335                                 0   1.960926999141185E114    2.425456326773105E81   3.2252482342656343E27           13239263.3141                       0    5.445970792986073E34
365             1.1666612308222373E42                       0                       0    5.089104713996463E24   1.2726693268535394E19                  1.6941                  3.0069
368                                 0                       0    1.871860973377327E36                       0                       0   1.8032621004871923E60    5.355588421507797E30
371                                 0                       0                  0.0001                       0   4.1421854753758908E65                       0             819849.6977
371.3666667                         0    3.952714162598573E41   1.1308160764213701E66                       0   5.2411532439547904E35                  6.5699  1.05564562699067482E18
373                            0.0001    1.075160299971798E42                       0                       0   1.3063166202581868E62   2.4900966319149387E90                       0
373.5                               0   2.1216465297099176E13   1.6099795789561962E23    8.056238092923784E48                       0                       0    7.289711930304998E13
375                                 0                       0     9.16438343644545E61  2.3713087596754572E116                  0.0008                  0.2784   2.4307535695556027E24
379.5333333     1.1823325001158782E15    2.538864947455952E48                       0    4.642308383280378E56                       0                       0   1.0053495468921398E10
380              3.918664714372308E75                       0                       0                       0               4165.9911                       0                210.0131
380.1666667                    0.2812                       0                       0    7.213745446517291E11                159.1788                       0                       0
388                                 0     1.56003829495767E51                       0  1.3757508570045012E102    8.721754546007843E42   1.1029413022914564E62   1.0714918832524916E61
389.3666667                         0   1.3931798953943408E45                       0                       0             625598.1112                 65.2531                       0
390.5333333                         0  3.4299109028995916E146                  0.0001                       0                       0   2.216804111963977E169                  0.1958
393             4.088703863645817E153   1.2751668224321339E37         1093861337.3446   1.1440095495392865E67    7.730326701206583E97                       0                       0
396                                 0                       0                       0   1.762366382858287E106                       0                       0    8.293089121816284E22
397.7            1.524347175058364E31  1.7190060293198675E116   1.4195452078955766E14                       0                       0                   0.156    5.084622874553788E10
401.8           1.1833356299030263E79                       0   1.387673568383288E124                       0           11102815.3912    7.961086723494587E41                       0
403               3.70361710629869E58                       0                       0                       0    1.158680513692998E33     7.04037675821199E22                       0
406              6.377954594320823E23                       0    6.842300254125155E82    7.555566433519327E38                       0                       0          673034275.3943
408.4666667                         0                       0    8.493830101584652E84                       0                       0                       0                       0
420.5333333                         0                       0                       0   9.813114695296925E112               3536.2819                       0                       0
421.3666667                         0                       0   1.2540758473045248E61    1.357209915732683E44                       0  1.6474313099821506E112                       0
422                                 0                       0   2.3210756668293745E43    5.116543361859257E80   1.2422807282354488E10    1.275131680396401E90   3.6439247016396385E10
425.5                               0                       0   2.3300479179440602E95                       0                       0                       0           188893911.377
427.1                      62273.2272  1.6628543105718207E125                       0                       0                       0                   0.006    3.985184244203348E16
428.5666667                         0    8.251004066948033E22                       0    1.932350115787816E32                       0                       0                       0
428.9                               0   9.336051419980494E158   3.0956899199000385E29                       0    6.083906444023006E25                  0.0002    2.928328954466947E43
430                                 0               8617.0174                       0  1.1321182136479745E114          151579889.4341                       0   1.8806031331967267E19
432                                 0                  0.0004    2.417350301436499E61    2.688798816906153E81                       0    4.882181109871354E39   2.2699273904575155E15
432.5           2.2540811277470264E16   2.0126584396172824E89                       0                       0                       0   8.6856262295396838E17              24009.0687
443.7                   28195002.6354                528.7549   3.752159506312655E101                       0                       0                       0                 36.9837
445                                 0                       0                       0  1.5541240134517076E305                       0                       0    3.608692736360812E20
445.3666667                         0  3.7186742784496115E140  2.9261530335124003E250    1.161643455367972E25    7.970518976772123E53   1.7996087915245342E10    5.511064295880179E77
453             1.0910105347512709E89   2.4817900051820693E73                       0                       0    2.304210612441418E20                       0             114035.2394
453.6          1.7516284615333338E158                       0                       0                       0    5.355268925500096E86                       0                       0
455             6.255128733616451E145   2.8794678424564684E60                       0                       0                       0                Infinity                       0
457.3333333            4737839141.793    8.570969325684417E69   2.8937043333046173E10                       0   3.7904652835836208E25    5.338215238550344E28                       0
466.6                               0                       0                       0   4.5933167208760475E10                   0.466   1.0138870982692442E32                       0
468             1.0109591921681133E82   1.6694389479540962E74                       0   5.4700674550715824E63    4.918317428999308E16    5.908991039338521E61                       0
474              3.450662312103501E27   2.160346958729743E137                       0   2.7025824119758238E19     3.07569764964731E10                       0   1.7858416729808532E20
475.4            8.189569447447597E63                       0                       0  1.3790431750115112E117                       0    2.382337841059601E59                       0
476                                 0                       0                Infinity   1.360213427860782E108                       0                       0                       0
476.2666667     1.3719424255383749E68   9.182866373946197E130    1.488360404529645E50                       0                  0.0594   2.5741093182716917E38                       0
482.5                               0    6.831609290681355E22    3.095961547723404E88    6.710874851540685E70   2.1901548707085535E15                       0    3.772767783499403E43
483.8                               0   3.364987748883782E106                       0                       0                       0   1.6555662363086975E11         1027899049.5263
498.1333333                         0                       0                       0                       0   1.3497374583021818E70                       0   1.3111066100334644E64
501.8           2.4676929732904723E56                  1.6564                       0    1.543202277514625E97                       0                       0                       0
507.9333333             19244496.6141                       0   3.4249386202956857E89                       0   1.3697427368160083E31              99014.0804                       0
516                                 0                223.3063   4.9514855266418646E60                       0          109416095.6881    2.086901900790834E25                       0
518             2.4929380334259462E14                       0   5.5673624586387756E14                       0           32210507.8512                       0   1.0842151135602732E16
527                                 0   1.2033889671235519E51                       0   1.0660702941966429E27      6.3945817868642E28   5.0284993620588045E59   1.2561347427664448E47
531.8666667                         0                       0   1.5043034676369594E33   3.9304993567248384E44   1.5269809102985452E20                       0                  0.0093
534.4                               0                       0     9.60182105059586E80                       0    4.283385002371827E30    8.209077136196353E21                       0
566.5                       2466.7273                       0    8.455575442874607E23   1.6946547667288438E16            8495616.8275                       0            974888209.89
567.0666667      4.769013224545693E50                       0   4.0166682468324984E13           17240337.2458                       0                       0                       0
588                                 0                       0                       0                       0                       0              71141.5737                       0
610.3           6.723744319593337E111               1483.5775   4.690683351542538E246    3.091964853655238E97     5.20522045841549E84                       0                       0
670              7.603867806473069E96                       0  1.3952668210635577E161                       0                       0    7.879665368971146E38                       0
670.8                               0    6.206744111478339E51                       0                       0                       0                       0                       0
704.6666667                    0.9521                  1.0617                  0.9333                   1.061                  1.0111                  0.9909                  0.9877


Time taken to build model: 1.29 seconds

=== Evaluation on test split ===

Time taken to test model on test split: 0 seconds

=== Summary ===

Correctly Classified Instances          87               92.5532 %
Incorrectly Classified Instances         7                7.4468 %
Kappa statistic                          0.9065
Mean absolute error                      0.0197
Root mean squared error                  0.1347
Relative absolute error                  9.7442 %
Root relative squared error             42.4454 %
Total Number of Instances               94     

=== Detailed Accuracy By Class ===

                 TP Rate  FP Rate  Precision  Recall   F-Measure  MCC      ROC Area  PRC Area  Class
                 1.000    0.047    0.909      1.000    0.952      0.931    1.000     1.000     DRC
                 0.889    0.013    0.941      0.889    0.914      0.895    0.996     0.985     Keystone
                 0.917    0.000    1.000      0.917    0.957      0.952    0.990     0.962     Pringle
                 0.875    0.013    0.933      0.875    0.903      0.885    0.978     0.957     Custer
                 1.000    0.000    1.000      1.000    1.000      1.000    1.000     1.000     New Mexico
                 0.500    0.000    1.000      0.500    0.667      0.703    0.984     0.700     Colorado
                 0.667    0.011    0.667      0.667    0.667      0.656    0.993     0.867     Bolivia
                 1.000    0.012    0.909      1.000    0.952      0.948    0.998     0.981     Maine
Weighted Avg.    0.926    0.021    0.928      0.926    0.924      0.909    0.993     0.972     

=== Confusion Matrix ===

  a  b  c  d  e  f  g  h   <-- classified as
 30  0  0  0  0  0  0  0 |  a = DRC
  0 16  0  1  0  0  1  0 |  b = Keystone
  0  1 11  0  0  0  0  0 |  c = Pringle
  2  0  0 14  0  0  0  0 |  d = Custer
  0  0  0  0  3  0  0  0 |  e = New Mexico
  0  0  0  0  0  1  0  1 |  f = Colorado
  1  0  0  0  0  0  2  0 |  g = Bolivia
  0  0  0  0  0  0  0 10 |  h = Maine

