=== Run information ===

Scheme:       weka.classifiers.bayes.NaiveBayes 
Relation:     Medium Reduced Rock Data No Unknowns-weka.filters.unsupervised.attribute.Remove-R1,3-weka.filters.unsupervised.attribute.Normalize-S1.0-T0.0
Instances:    470
Attributes:   71
              Area
              263.1
              279.5333333
              288
              288.1333333
              308.2
              309.3
              313.0666667
              316.2333333
              334.2333333
              335
              365
              368
              371
              371.3666667
              373
              373.5
              375
              379.5333333
              380
              380.1666667
              388
              389.3666667
              390.5333333
              393
              396
              397.7
              401.8
              403
              406
              408.4666667
              420.5333333
              421.3666667
              422
              425.5
              427.1
              428.5666667
              428.9
              430
              432
              432.5
              443.7
              445
              445.3666667
              453
              453.6
              455
              457.3333333
              466.6
              468
              474
              475.4
              476
              476.2666667
              482.5
              483.8
              498.1333333
              501.8
              507.9333333
              516
              518
              527
              531.8666667
              534.4
              566.5
              567.0666667
              588
              610.3
              670
              670.8
              704.6666667
Test mode:    10-fold cross-validation

=== Classifier model (full training set) ===

Naive Bayes Classifier

                    Class
Attribute             DRC   Keystone    Pringle     Custer New Mexico   Colorado    Bolivia      Maine
                   (0.32)      (0.2)     (0.12)     (0.15)     (0.05)     (0.04)     (0.04)     (0.08)
=======================================================================================================
263.1
  mean              0.0031     0.5078     0.4495     0.4347     0.3427     0.2546     0.3879     0.4791
  std. dev.         0.0021     0.1746     0.1685     0.2243     0.1002     0.1026     0.3034     0.1234
  weight sum           151         94         57         70         21         19         19         39
  precision         0.0022     0.0022     0.0022     0.0022     0.0022     0.0022     0.0022     0.0022

279.5333333
  mean               0.002     0.2049     0.1967     0.1574     0.2159     0.1488     0.2637     0.2188
  std. dev.         0.0014     0.0727     0.0739     0.0748     0.0644     0.0622     0.2172     0.0839
  weight sum           151         94         57         70         21         19         19         39
  precision         0.0021     0.0021     0.0021     0.0021     0.0021     0.0021     0.0021     0.0021

288
  mean              0.0066     0.4484     0.4202     0.4016     0.4621       0.18     0.0712     0.2943
  std. dev.         0.0039      0.189     0.2158     0.2044     0.1367     0.1139     0.0759     0.2396
  weight sum           151         94         57         70         21         19         19         39
  precision         0.0022     0.0022     0.0022     0.0022     0.0022     0.0022     0.0022     0.0022

288.1333333
  mean              0.0022     0.1522     0.1319     0.1296     0.2154     0.2182     0.1233     0.4905
  std. dev.         0.0015     0.0609     0.0644     0.0629     0.0633     0.1546     0.0916     0.3108
  weight sum           151         94         57         70         21         19         19         39
  precision         0.0021     0.0021     0.0021     0.0021     0.0021     0.0021     0.0021     0.0021

308.2
  mean              0.0072     0.2328     0.2078     0.1981     0.2531     0.2693     0.1948     0.5436
  std. dev.          0.004     0.0918     0.1085     0.0904     0.0628     0.1706     0.1237     0.2704
  weight sum           151         94         57         70         21         19         19         39
  precision         0.0021     0.0021     0.0021     0.0021     0.0021     0.0021     0.0021     0.0021

309.3
  mean              0.0048     0.2517     0.2466     0.2203     0.2833     0.2791     0.1519     0.5653
  std. dev.         0.0031      0.101     0.1298     0.1091      0.072     0.1572     0.1092     0.2595
  weight sum           151         94         57         70         21         19         19         39
  precision         0.0021     0.0021     0.0021     0.0021     0.0021     0.0021     0.0021     0.0021

313.0666667
  mean              0.0047     0.4138     0.3983     0.3768      0.442     0.2322     0.1401     0.2986
  std. dev.         0.0028     0.1767     0.2176     0.1853     0.1187     0.1134     0.1332     0.1866
  weight sum           151         94         57         70         21         19         19         39
  precision         0.0021     0.0021     0.0021     0.0021     0.0021     0.0021     0.0021     0.0021

316.2333333
  mean              0.0034     0.1996     0.1924     0.1789     0.2347     0.0834      0.416     0.1218
  std. dev.         0.0022     0.0829     0.1025     0.0892      0.065     0.0592     0.3551     0.1146
  weight sum           151         94         57         70         21         19         19         39
  precision         0.0021     0.0021     0.0021     0.0021     0.0021     0.0021     0.0021     0.0021

334.2333333
  mean              0.0045     0.1576     0.1594     0.1373     0.1818      0.067     0.4134     0.0932
  std. dev.         0.0023     0.0669     0.0844     0.0676     0.0475      0.051     0.3319      0.093
  weight sum           151         94         57         70         21         19         19         39
  precision         0.0021     0.0021     0.0021     0.0021     0.0021     0.0021     0.0021     0.0021

335
  mean               0.003     0.1055     0.1012     0.0892     0.1389     0.0439     0.4221     0.0618
  std. dev.         0.0017     0.0447     0.0531      0.045     0.0386     0.0344     0.3177      0.061
  weight sum           151         94         57         70         21         19         19         39
  precision         0.0021     0.0021     0.0021     0.0021     0.0021     0.0021     0.0021     0.0021

365
  mean              0.0104     0.3917     0.4288     0.3615     0.3592     0.2055     0.0632      0.295
  std. dev.         0.0055     0.2089     0.2081     0.1822     0.1025     0.1733     0.0614     0.3017
  weight sum           151         94         57         70         21         19         19         39
  precision         0.0021     0.0021     0.0021     0.0021     0.0021     0.0021     0.0021     0.0021

368
  mean               0.015     0.4348     0.3842     0.3821     0.3066     0.2142     0.3037     0.2655
  std. dev.         0.0085     0.1782     0.1591     0.1914     0.0891     0.1405     0.2826     0.2407
  weight sum           151         94         57         70         21         19         19         39
  precision         0.0021     0.0021     0.0021     0.0021     0.0021     0.0021     0.0021     0.0021

371
  mean              0.0128     0.4023     0.4208     0.3849     0.3889     0.2044     0.1479     0.2819
  std. dev.         0.0096     0.2054      0.202     0.1984     0.1099     0.1657     0.1388      0.271
  weight sum           151         94         57         70         21         19         19         39
  precision         0.0021     0.0021     0.0021     0.0021     0.0021     0.0021     0.0021     0.0021

371.3666667
  mean              0.0109     0.3892     0.4325     0.3867     0.3768     0.2007     0.0356     0.2576
  std. dev.         0.0068     0.2134     0.2267     0.1991     0.1029     0.1649     0.0323     0.2638
  weight sum           151         94         57         70         21         19         19         39
  precision         0.0021     0.0021     0.0021     0.0021     0.0021     0.0021     0.0021     0.0021

373
  mean              0.0283     0.3631     0.3195     0.3358     0.3661      0.201     0.3552     0.2333
  std. dev.         0.0186     0.1517     0.1585     0.1745     0.0865     0.1371     0.3027     0.2045
  weight sum           151         94         57         70         21         19         19         39
  precision         0.0021     0.0021     0.0021     0.0021     0.0021     0.0021     0.0021     0.0021

373.5
  mean              0.0099     0.4279     0.3687      0.366     0.2343     0.2077     0.3396     0.2866
  std. dev.         0.0062     0.1433     0.1195     0.1811     0.0556     0.0952     0.2864     0.1918
  weight sum           151         94         57         70         21         19         19         39
  precision         0.0021     0.0021     0.0021     0.0021     0.0021     0.0021     0.0021     0.0021

375
  mean              0.0099     0.3447     0.3067     0.3705     0.2156     0.1583     0.1938     0.2016
  std. dev.         0.0065     0.1344     0.1158      0.253     0.0578     0.0939     0.1762     0.1724
  weight sum           151         94         57         70         21         19         19         39
  precision         0.0021     0.0021     0.0021     0.0021     0.0021     0.0021     0.0021     0.0021

379.5333333
  mean              0.0139     0.4224     0.4228     0.3882     0.3326     0.2019     0.1182     0.2806
  std. dev.         0.0086     0.2171     0.2039      0.202     0.0958     0.1651     0.1115     0.2816
  weight sum           151         94         57         70         21         19         19         39
  precision         0.0021     0.0021     0.0021     0.0021     0.0021     0.0021     0.0021     0.0021

380
  mean              0.0109     0.4184     0.4251     0.3652     0.3506     0.2017      0.074     0.2822
  std. dev.         0.0066      0.214     0.2109     0.1826     0.1077     0.1709     0.0691      0.288
  weight sum           151         94         57         70         21         19         19         39
  precision         0.0021     0.0021     0.0021     0.0021     0.0021     0.0021     0.0021     0.0021

380.1666667
  mean              0.0132     0.4198     0.4482     0.3875     0.3982     0.2189     0.0452     0.2879
  std. dev.         0.0083     0.2149     0.2304     0.1899     0.0988     0.1822     0.0426     0.2951
  weight sum           151         94         57         70         21         19         19         39
  precision         0.0021     0.0021     0.0021     0.0021     0.0021     0.0021     0.0021     0.0021

388
  mean              0.0131     0.2957     0.3003     0.3413     0.2798     0.1463     0.1862     0.1836
  std. dev.         0.0078     0.1561     0.1651     0.2373     0.0843     0.1163     0.1992     0.1733
  weight sum           151         94         57         70         21         19         19         39
  precision         0.0021     0.0021     0.0021     0.0021     0.0021     0.0021     0.0021     0.0021

389.3666667
  mean              0.0147     0.4262     0.4578     0.3949     0.4078     0.2257      0.085     0.2897
  std. dev.         0.0095     0.2217     0.2346     0.1913     0.0963     0.1835     0.0847     0.2882
  weight sum           151         94         57         70         21         19         19         39
  precision         0.0021     0.0021     0.0021     0.0021     0.0021     0.0021     0.0021     0.0021

390.5333333
  mean              0.0106     0.1623     0.1489     0.1521     0.2041      0.233     0.2041      0.458
  std. dev.          0.007     0.0643     0.0741     0.0778     0.0484     0.1113     0.1509     0.2662
  weight sum           151         94         57         70         21         19         19         39
  precision         0.0021     0.0021     0.0021     0.0021     0.0021     0.0021     0.0021     0.0021

393
  mean              0.0069     0.1532     0.1401     0.1227     0.1572     0.0815     0.1592     0.1976
  std. dev.         0.0042     0.0712     0.0682      0.064     0.0471     0.0413     0.1651     0.2033
  weight sum           151         94         57         70         21         19         19         39
  precision         0.0021     0.0021     0.0021     0.0021     0.0021     0.0021     0.0021     0.0021

396
  mean              0.0058     0.1413     0.1442     0.1273     0.1583     0.2749     0.1098     0.5615
  std. dev.         0.0038     0.0722     0.0705     0.0665     0.0395     0.1626     0.0843     0.2988
  weight sum           151         94         57         70         21         19         19         39
  precision         0.0021     0.0021     0.0021     0.0021     0.0021     0.0021     0.0021     0.0021

397.7
  mean              0.0126     0.3777        0.4     0.3433     0.3472     0.2005     0.0944     0.2898
  std. dev.         0.0084     0.2061        0.2     0.1793     0.0996      0.147     0.0844     0.2253
  weight sum           151         94         57         70         21         19         19         39
  precision         0.0021     0.0021     0.0021     0.0021     0.0021     0.0021     0.0021     0.0021

401.8
  mean              0.0256     0.3919     0.4132     0.3892     0.4346     0.2133     0.1233     0.2265
  std. dev.         0.0154     0.1843     0.2471     0.2186     0.1161     0.1724     0.1239     0.2174
  weight sum           151         94         57         70         21         19         19         39
  precision         0.0021     0.0021     0.0021     0.0021     0.0021     0.0021     0.0021     0.0021

403
  mean              0.0272     0.4651     0.4677      0.425     0.4889     0.2529     0.1273     0.2645
  std. dev.          0.014     0.1613     0.2387     0.2249     0.1113     0.1873     0.1181      0.246
  weight sum           151         94         57         70         21         19         19         39
  precision         0.0021     0.0021     0.0021     0.0021     0.0021     0.0021     0.0021     0.0021

406
  mean              0.0222     0.4207     0.4558     0.4559     0.4097     0.1977     0.0798     0.2667
  std. dev.         0.0136     0.2324     0.2477     0.2549     0.1153     0.1841     0.0748     0.2798
  weight sum           151         94         57         70         21         19         19         39
  precision         0.0021     0.0021     0.0021     0.0021     0.0021     0.0021     0.0021     0.0021

408.4666667
  mean              0.0184     0.4532      0.468     0.4335     0.3984     0.2205     0.0558      0.299
  std. dev.         0.0117     0.2332     0.2417     0.2166     0.1098     0.1866     0.0507     0.2969
  weight sum           151         94         57         70         21         19         19         39
  precision         0.0021     0.0021     0.0021     0.0021     0.0021     0.0021     0.0021     0.0021

420.5333333
  mean              0.0207     0.5333     0.5026     0.4757     0.4538     0.2375     0.0378     0.3111
  std. dev.         0.0132     0.2349     0.2665     0.2286     0.1115     0.2055     0.0289     0.3083
  weight sum           151         94         57         70         21         19         19         39
  precision         0.0021     0.0021     0.0021     0.0021     0.0021     0.0021     0.0021     0.0021

421.3666667
  mean              0.0199     0.4407     0.4629     0.4147     0.4037      0.256     0.0446     0.3251
  std. dev.         0.0127     0.2421     0.2387     0.2168     0.1086     0.1984      0.035     0.2823
  weight sum           151         94         57         70         21         19         19         39
  precision         0.0021     0.0021     0.0021     0.0021     0.0021     0.0021     0.0021     0.0021

422
  mean              0.0224     0.4936     0.4304      0.478     0.4009     0.2415     0.1413     0.2937
  std. dev.         0.0132      0.208      0.206     0.2594     0.1135     0.1644     0.1237     0.2272
  weight sum           151         94         57         70         21         19         19         39
  precision         0.0021     0.0021     0.0021     0.0021     0.0021     0.0021     0.0021     0.0021

425.5
  mean              0.0166     0.4347     0.4811     0.3995      0.399     0.2094     0.0663     0.3017
  std. dev.         0.0107     0.2566      0.259     0.2053     0.1153     0.1959     0.0531     0.3157
  weight sum           151         94         57         70         21         19         19         39
  precision         0.0021     0.0021     0.0021     0.0021     0.0021     0.0021     0.0021     0.0021

427.1
  mean              0.0212     0.5477     0.4738      0.439     0.2817     0.2323     0.3203      0.318
  std. dev.         0.0137     0.1995     0.1723     0.2098     0.0757     0.1509     0.2897     0.2855
  weight sum           151         94         57         70         21         19         19         39
  precision         0.0021     0.0021     0.0021     0.0021     0.0021     0.0021     0.0021     0.0021

428.5666667
  mean              0.0213     0.2682     0.2563     0.2326     0.2708     0.1278     0.3088     0.1813
  std. dev.         0.0142     0.1223     0.1378     0.1231     0.0731     0.1133     0.2798     0.1764
  weight sum           151         94         57         70         21         19         19         39
  precision         0.0021     0.0021     0.0021     0.0021     0.0021     0.0021     0.0021     0.0021

428.9
  mean              0.0166     0.2291     0.2372     0.2014     0.2656     0.1258     0.3385     0.1824
  std. dev.         0.0119     0.1137     0.1111     0.1007     0.0623     0.0939     0.2878     0.1296
  weight sum           151         94         57         70         21         19         19         39
  precision         0.0021     0.0021     0.0021     0.0021     0.0021     0.0021     0.0021     0.0021

430
  mean              0.0188     0.2665     0.2734     0.2511     0.3132     0.1383     0.5145      0.187
  std. dev.         0.0145     0.1128     0.1374     0.1172     0.0746     0.1188     0.3825     0.1836
  weight sum           151         94         57         70         21         19         19         39
  precision         0.0021     0.0021     0.0021     0.0021     0.0021     0.0021     0.0021     0.0021

432
  mean              0.0198     0.3046      0.286     0.2912     0.3003     0.1588      0.283     0.2117
  std. dev.         0.0122     0.1414     0.1452     0.1517     0.0787     0.1162     0.2702     0.1614
  weight sum           151         94         57         70         21         19         19         39
  precision         0.0021     0.0021     0.0021     0.0021     0.0021     0.0021     0.0021     0.0021

432.5
  mean              0.0197     0.4305     0.3875     0.3357     0.2646        0.2     0.3188     0.2725
  std. dev.          0.013     0.1548     0.1437     0.1603     0.0715     0.1324     0.2855     0.2438
  weight sum           151         94         57         70         21         19         19         39
  precision         0.0021     0.0021     0.0021     0.0021     0.0021     0.0021     0.0021     0.0021

443.7
  mean               0.019     0.4394     0.4874     0.3997     0.4226     0.2133     0.0821     0.2998
  std. dev.         0.0126     0.2503     0.2607     0.2059     0.1198     0.1932     0.0778     0.2912
  weight sum           151         94         57         70         21         19         19         39
  precision         0.0021     0.0021     0.0021     0.0021     0.0021     0.0021     0.0021     0.0021

445
  mean              0.0103     0.1367     0.1398     0.1214     0.1698     0.0728     0.2841     0.0946
  std. dev.         0.0092     0.0563     0.0786     0.0725     0.0492     0.0627     0.2717     0.0867
  weight sum           151         94         57         70         21         19         19         39
  precision         0.0021     0.0021     0.0021     0.0021     0.0021     0.0021     0.0021     0.0021

445.3666667
  mean              0.0126      0.132     0.1365     0.1132     0.1884     0.0787      0.306     0.1148
  std. dev.         0.0103     0.0626     0.0653     0.0666     0.0486     0.0491     0.2719     0.0741
  weight sum           151         94         57         70         21         19         19         39
  precision         0.0021     0.0021     0.0021     0.0021     0.0021     0.0021     0.0021     0.0021

453
  mean               0.039     0.4891     0.3637     0.4454     0.3579     0.1698     0.2387     0.2285
  std. dev.         0.0213     0.2154     0.2103     0.2626     0.1106     0.1423     0.2301     0.2027
  weight sum           151         94         57         70         21         19         19         39
  precision         0.0021     0.0021     0.0021     0.0021     0.0021     0.0021     0.0021     0.0021

453.6
  mean              0.0238     0.0872      0.076     0.0955     0.1573     0.0474     0.4136     0.0662
  std. dev.         0.0197     0.0444     0.0425     0.0675      0.046     0.0416     0.3296      0.065
  weight sum           151         94         57         70         21         19         19         39
  precision         0.0021     0.0021     0.0021     0.0021     0.0021     0.0021     0.0021     0.0021

455
  mean              0.0085     0.0932      0.092     0.0879     0.1158     0.0604     0.3921      0.068
  std. dev.         0.0055     0.0383     0.0468     0.0442     0.0333     0.0412     0.3568     0.0619
  weight sum           151         94         57         70         21         19         19         39
  precision         0.0021     0.0021     0.0021     0.0021     0.0021     0.0021     0.0021     0.0021

457.3333333
  mean              0.0331     0.5527     0.5234     0.4818     0.4726       0.24     0.1138     0.3124
  std. dev.         0.0176     0.2309     0.2667     0.2273     0.1141     0.1964       0.12     0.2924
  weight sum           151         94         57         70         21         19         19         39
  precision         0.0021     0.0021     0.0021     0.0021     0.0021     0.0021     0.0021     0.0021

466.6
  mean              0.0193     0.4655     0.5017     0.3764     0.4329     0.2246     0.0577     0.3312
  std. dev.         0.0118     0.2413     0.2568     0.2166     0.1155      0.194     0.0491     0.3334
  weight sum           151         94         57         70         21         19         19         39
  precision         0.0021     0.0021     0.0021     0.0021     0.0021     0.0021     0.0021     0.0021

468
  mean              0.0695     0.4914     0.4377     0.4793     0.3942     0.2332      0.041     0.3237
  std. dev.         0.0289      0.196     0.2081     0.2515     0.1155     0.1558     0.0437     0.2356
  weight sum           151         94         57         70         21         19         19         39
  precision         0.0021     0.0021     0.0021     0.0021     0.0021     0.0021     0.0021     0.0021

474
  mean              0.0307      0.529     0.3975     0.4436     0.3828     0.1663     0.0325     0.2309
  std. dev.         0.0171     0.2134     0.2293      0.262     0.1208       0.14     0.0241      0.221
  weight sum           151         94         57         70         21         19         19         39
  precision         0.0021     0.0021     0.0021     0.0021     0.0021     0.0021     0.0021     0.0021

475.4
  mean              0.0226     0.3692     0.4073     0.3305     0.4123     0.1838     0.0364     0.2136
  std. dev.         0.0123     0.1571       0.23     0.2364     0.1271     0.1653     0.0347     0.2144
  weight sum           151         94         57         70         21         19         19         39
  precision         0.0021     0.0021     0.0021     0.0021     0.0021     0.0021     0.0021     0.0021

476
  mean              0.0321     0.1483     0.1273     0.1567     0.1567     0.0709     0.2314      0.097
  std. dev.         0.0177     0.0635     0.0676     0.0925     0.0488     0.0474     0.2345     0.0743
  weight sum           151         94         57         70         21         19         19         39
  precision         0.0021     0.0021     0.0021     0.0021     0.0021     0.0021     0.0021     0.0021

476.2666667
  mean              0.0265     0.3997     0.4144      0.364     0.4083     0.1774     0.0535     0.1956
  std. dev.         0.0137      0.163     0.2297     0.2127     0.1272     0.1469     0.0515     0.1913
  weight sum           151         94         57         70         21         19         19         39
  precision         0.0021     0.0021     0.0021     0.0021     0.0021     0.0021     0.0021     0.0021

482.5
  mean              0.0144     0.4574     0.4147     0.3901     0.4046      0.166     0.0623     0.2034
  std. dev.          0.009     0.1828     0.2396     0.2392     0.1292     0.1379     0.0575     0.1968
  weight sum           151         94         57         70         21         19         19         39
  precision         0.0021     0.0021     0.0021     0.0021     0.0021     0.0021     0.0021     0.0021

483.8
  mean              0.0329     0.4899     0.4849     0.4251     0.4106     0.1971     0.1002     0.3045
  std. dev.         0.0206     0.2355     0.2547     0.2292     0.1336     0.1642     0.0855     0.2941
  weight sum           151         94         57         70         21         19         19         39
  precision         0.0021     0.0021     0.0021     0.0021     0.0021     0.0021     0.0021     0.0021

498.1333333
  mean              0.0139     0.1016     0.0951     0.0745     0.1621     0.0507     0.4009     0.0851
  std. dev.         0.0109     0.0448     0.0474     0.0391     0.0385     0.0445     0.3066       0.08
  weight sum           151         94         57         70         21         19         19         39
  precision         0.0021     0.0021     0.0021     0.0021     0.0021     0.0021     0.0021     0.0021

501.8
  mean              0.0422     0.4995     0.4986     0.4624      0.389     0.1934      0.045     0.3086
  std. dev.         0.0243     0.2254     0.2419     0.2392     0.1244     0.1622     0.0686     0.3022
  weight sum           151         94         57         70         21         19         19         39
  precision         0.0021     0.0021     0.0021     0.0021     0.0021     0.0021     0.0021     0.0021

507.9333333
  mean              0.0385     0.4672     0.4591      0.433     0.3738     0.1807     0.0403     0.2619
  std. dev.         0.0191     0.1979     0.2263     0.2295     0.1012      0.141     0.0322     0.2605
  weight sum           151         94         57         70         21         19         19         39
  precision         0.0021     0.0021     0.0021     0.0021     0.0021     0.0021     0.0021     0.0021

516
  mean              0.0329     0.4903     0.5019     0.3975     0.4107     0.1994     0.0438     0.3138
  std. dev.          0.019     0.2341     0.2548     0.1991     0.1242     0.1687     0.0354     0.3175
  weight sum           151         94         57         70         21         19         19         39
  precision         0.0021     0.0021     0.0021     0.0021     0.0021     0.0021     0.0021     0.0021

518
  mean              0.0425     0.4987     0.5011     0.4159     0.4172     0.1999     0.0795     0.3191
  std. dev.         0.0239     0.2282     0.2511     0.2063     0.1288     0.1671     0.0433     0.3173
  weight sum           151         94         57         70         21         19         19         39
  precision         0.0021     0.0021     0.0021     0.0021     0.0021     0.0021     0.0021     0.0021

527
  mean               0.025     0.4881      0.454     0.3802     0.3239     0.1937     0.2003     0.3366
  std. dev.         0.0164     0.1801     0.1916     0.1875      0.075     0.1186     0.1702     0.2403
  weight sum           151         94         57         70         21         19         19         39
  precision         0.0021     0.0021     0.0021     0.0021     0.0021     0.0021     0.0021     0.0021

531.8666667
  mean              0.0314     0.4888     0.4933     0.4062     0.3901     0.1805     0.0266     0.3045
  std. dev.         0.0167     0.2327     0.2544     0.2033     0.1205      0.157     0.0187     0.3135
  weight sum           151         94         57         70         21         19         19         39
  precision         0.0021     0.0021     0.0021     0.0021     0.0021     0.0021     0.0021     0.0021

534.4
  mean              0.0237     0.5142     0.5323     0.3965     0.4386     0.2092     0.0222     0.3224
  std. dev.         0.0123     0.2395     0.2682     0.2081     0.1243     0.1799     0.0196      0.333
  weight sum           151         94         57         70         21         19         19         39
  precision         0.0021     0.0021     0.0021     0.0021     0.0021     0.0021     0.0021     0.0021

566.5
  mean              0.0299     0.4914     0.4778     0.3924     0.3787     0.1686     0.0392     0.3029
  std. dev.         0.0152     0.2265     0.2477     0.2036     0.1302     0.1542     0.0368     0.3081
  weight sum           151         94         57         70         21         19         19         39
  precision         0.0021     0.0021     0.0021     0.0021     0.0021     0.0021     0.0021     0.0021

567.0666667
  mean              0.0309     0.3916     0.4292     0.3092     0.3295     0.1523     0.0457     0.3023
  std. dev.         0.0175     0.2246     0.2328     0.1878     0.1182     0.1389     0.0355     0.2963
  weight sum           151         94         57         70         21         19         19         39
  precision         0.0021     0.0021     0.0021     0.0021     0.0021     0.0021     0.0021     0.0021

588
  mean              0.0417     0.1913     0.1783      0.185     0.1913     0.1008     0.1194     0.2813
  std. dev.         0.0228     0.0763     0.0826     0.0935     0.0633     0.0521      0.101     0.2181
  weight sum           151         94         57         70         21         19         19         39
  precision         0.0021     0.0021     0.0021     0.0021     0.0021     0.0021     0.0021     0.0021

610.3
  mean               0.004      0.042     0.0408      0.024     0.0245     0.0137     0.0098     0.3557
  std. dev.          0.002     0.0249     0.0297     0.0121     0.0056     0.0085     0.0048     0.3204
  weight sum           151         94         57         70         21         19         19         39
  precision         0.0021     0.0021     0.0021     0.0021     0.0021     0.0021     0.0021     0.0021

670
  mean              0.0626      0.336      0.387     0.3438     0.3358      0.139     0.1699       0.43
  std. dev.         0.0333     0.1665     0.1841     0.1671     0.1686      0.131     0.1213      0.189
  weight sum           151         94         57         70         21         19         19         39
  precision         0.0021     0.0021     0.0021     0.0021     0.0021     0.0021     0.0021     0.0021

670.8
  mean               0.012     0.1284      0.104     0.0746     0.0487     0.0495     0.0671     0.4644
  std. dev.         0.0066     0.0604     0.0948     0.0351      0.021     0.0323     0.0363     0.3276
  weight sum           151         94         57         70         21         19         19         39
  precision         0.0021     0.0021     0.0021     0.0021     0.0021     0.0021     0.0021     0.0021

704.6666667
  mean            186.9889  1762.3004  1925.7578  1721.9414  1663.5823   680.6133    221.213  1431.9597
  std. dev.        83.5462   947.6294  1083.1104   821.0694   823.9398   634.0511   123.7358  1419.7422
  weight sum           151         94         57         70         21         19         19         39
  precision        10.4036    10.4036    10.4036    10.4036    10.4036    10.4036    10.4036    10.4036



Time taken to build model: 0.01 seconds

=== Stratified cross-validation ===
=== Summary ===

Correctly Classified Instances         290               61.7021 %
Incorrectly Classified Instances       180               38.2979 %
Kappa statistic                          0.5298
Mean absolute error                      0.0957
Root mean squared error                  0.2978
Relative absolute error                 47.3289 %
Root relative squared error             93.7245 %
Total Number of Instances              470     

=== Detailed Accuracy By Class ===

                 TP Rate  FP Rate  Precision  Recall   F-Measure  MCC      ROC Area  PRC Area  Class
                 0.993    0.009    0.980      0.993    0.987      0.981    0.995     0.980     DRC
                 0.521    0.165    0.441      0.521    0.478      0.336    0.825     0.443     Keystone
                 0.158    0.029    0.429      0.158    0.231      0.204    0.802     0.348     Pringle
                 0.271    0.050    0.487      0.271    0.349      0.286    0.786     0.444     Custer
                 0.810    0.076    0.333      0.810    0.472      0.487    0.914     0.803     New Mexico
                 0.368    0.055    0.219      0.368    0.275      0.245    0.891     0.351     Colorado
                 1.000    0.029    0.594      1.000    0.745      0.759    0.997     0.898     Bolivia
                 0.513    0.026    0.645      0.513    0.571      0.542    0.879     0.510     Maine
Weighted Avg.    0.617    0.056    0.629      0.617    0.602      0.557    0.889     0.640     

=== Confusion Matrix ===

   a   b   c   d   e   f   g   h   <-- classified as
 150   0   0   0   0   0   1   0 |   a = DRC
   0  49   7  13  11  11   1   2 |   b = Keystone
   0  25   9   7   5   2   0   9 |   c = Pringle
   3  18   4  19  11  10   5   0 |   d = Custer
   0   1   1   0  17   2   0   0 |   e = New Mexico
   0   1   0   0   5   7   6   0 |   f = Colorado
   0   0   0   0   0   0  19   0 |   g = Bolivia
   0  17   0   0   2   0   0  20 |   h = Maine

